6462.1
6468.8
6466
6462.8
6457.3
6459.9
6460
6457.2
6457.5
6452.8
6453.4
6448
6448.6
6447
6443.6
6441.1
6436.6
6435
6436.8
6433.8
6435
6434.7
6433.4
6432.5
6429.9
6430
6426.3
6420.6
6429.7
6425
6433.5
6433.4
6435
6433.4
6433
6430.9
6431
6430.9
6433.5
6445.1
6450
6454.7
6458.8
6468
6462.2
6465
6469.5
6468.6
6465.6
6468.6
6469.4
6464.9
6470
6469.9
6470
6465.1
6465.2
6464.5
6455
6459.1
6458.9
6458.4
6458.9
6458.4
6458.1
6458
6450.8
6446.6
6434.2
6434.7
6432.3
6430.4
6427.7
6425.4
6419.8
6416.6
6418.8
6419.7
6419.6
6419.9
6422
6429.2
6429.3
6429.4
6437.4
6443.2
6442.9
6449.5
6454.9
6458
6455.9
6455.3
6455
6450.1
6442.2
6442.1
6438.6
6431.3
6431.9
6434.4
6435
6438.6
6441.8
6454
6456
6456.3
6456.1
6450
6446.5
6440.1
6439.9
6445
6446
6439.9
6430.3
6439.9
6431.3
6436
6434.4
6435
6436.6
6435.9
6437.2
6438.1
6435.8
6435.2
6435
6423.3
6420.2
6417.8
6414.1
6409.1
6413.2
6408.9
6414
6418
6424.9
6423
6420
6420.1
6425
6402.5
6404.5
6399.7
6398.8
6398.3
6398.6
6398.3
6399.2
6398.3
6392.8
6388.9
6387.1
6380
6379.3
6378.2
6376.1
6369.7
6364.9
6375.7
6375.1
6375
6374.4
6374.9
6375.3
6370
6368.9
6370
6368.5
6368.6
6365.7
6364.1
6350.6
6343.2
6331.8
6327.7
6324.6
6324
6314.7
6310
6305.6
6303
6305.6
6311.5
6317.2
6315.1
6318.4
6321.5
6321.6
6320
6320.1
6320
6325.7
6335.4
6342.2
6346.4
6346.2
6351
6350.2
6350
6330.1
6326.2
6330
6325
6327.9
6327.8
6327.9
6327.1
6326.4
6318
6324.3
6319.5
6318.9
6319
6323
6324
6323
6325
6326.3
6330
6339.5
6339.9
6339.8
6339.9
6335.8
6336
6340.5
6348.5
6349.8
6359
6355.7
6375.2
6359.2
6368.2
6376.5
6376.7
6394.3
6395.7
6393.9
6400
6398.6
6399.8
6400
6396.6
6394.2
6395
6382.5
6389.8
6388.3
6388.8
6389
6390
6392
6395
6391.9
6392.8
6391.1
6390.6
6390.9
6390.4
6395
6390.4
6395
6399
6399.9
6419.7
6412.4
6425
6430.1
6435
6434.6
6429.1
6430
6434
6448.8
6449.8
6449.9
6454.2
6465.6
6475.1
6465.5
6463.2
6452.9
6448.8
6440.1
6412.4
6421.9
6417.6
6410.4
6408.7
6404.2
6404.1
6400
6403
6402.5
6400.9
6398.6
6393.5
6398.6
6398.7
6402.1
6415.2
6421
6418.5
6415
6412
6413.9
6416.2
6416.8
6412.9
6412.8
6416.1
6412.8
6412.9
6407.4
6402.1
6399
6396
6392.7
6391
6390
6366.2
6366.5
6366.1
6354.6
6362.3
6367.3
6366
6369.9
6371.2
6377.1
6376.6
6371.1
6371
6371.1
6372.6
6371
6373.3
6383.2
6390.8
6407.8
6403.5
6400.7
6399.9
6404.1
6404.5
6408.8
6414.3
6415.9
6416.3
6416.5
6407.7
6407.4
6401.8
6407.4
6401.8
6401.2
6407.6
6404.6
6415.6
6416.5
6415.9
6400
6400.1
6390
6380.2
6380
6372
6366.3
6364.8
6352.1
6346.8
6340
6349.8
6349.9
6350
6364.9
6380
6380.3
6374.7
6372.9
6365.2
6366.7
6366.4
6364.1
6363.7
6361.2
6362.8
6361.1
6359
6348.6
6351.2
6348.5
6348.7
6361.2
6365.5
6365.3
6373
6366.4
6371.3
6364.1
6363.3
6354.3
6353.6
6349
6353.3
6349.6
6353.3
6353.2
6359.9
6376.9
6372.5
6357.6
6354.6
6355.3
6369.9
6370.2
6378.8
6380.3
6385.9
6394.8
6374.4
6381.1
6374.9
6370.2
6374.6
6378.1
6379.9
6380
6383.3
6384.9
6378.3
6380
6374.5
6374.9
6371
6370.2
6371.2
6365.9
6365
6356.1
6354
6355.1
6355
6354.3
6355.1
6354.9
6361.2
6361.3
6364
6369
6368.6
6368.9
6370.8
6374.9
6375
6370.1
6373.3
6365.8
6362.3
6370.7
6376.4
6379
6374.2
6379.4
6377.4
6379
6374.2
6365
6364.4
6364.1
6363
6361.6
6357
6358.9
6345.1
6346.1
6345
6322
6322.2
6321.6
6311
6307.5
6301.3
6297.3
6281.6
6277.2
6263.8
6278
6263.1
6266
6261.8
6262.1
6263
6261.9
6260.2
6260
6258.2
6261.7
6266
6265
6275
6285.4
6276.4
6280
6290.8
6294.4
6294.5
6293.2
6294.5
6294.2
6292.8
6291.7
6288.4
6295
6326
6325.1
6318.9
6310.2
6297.7
6296.8
6297.6
6293.8
6289.7
6289.3
6283.4
6279.9
6279.4
6278.5
6278.2
6271.8
6272
6268.1
6268
6260
6258.1
6268.5
6268.2
6266.3
6265.3
6272.1
6259.6
6254
6254.9
6250.1
6250.2
6266.1
6265.8
6264.1
6263.3
6257.1
6259
6253.1
6252.2
6250.2
6245.6
6233.1
6232.6
6226.5
6222
6228.6
6220
6210.9
6210.1
6210
6210.1
6209.7
6202.5
6201
6201.9
6200
6189.8
6192
6186
6188
6188.2
6187.2
6189.8
6193.5
6193.4
6200
6204.8
6210.2
6225.3
6232.7
6247.2
6249
6250
6267.1
6266
6284.4
6284
6266
6275.3
6267.3
6270.8
6255
6257.1
6261.7
6243.2
6249
6240.8
6237
6234.1
6220.4
6215
6218.9
6219.3
6239.5
6247.8
6252.4
6255
6276.9
6276
6287
6286.9
6275
6279.4
6271.8
6268
6260.9
6269
6263
6269.1
6272.1
6272.3
6277
6279.1
6285
6284.2
6284.3
6273.4
6270
6265.1
6262.7
6271.5
6266
6267.7
6272
6288
6289.5
6289.7
6289.8
6298.1
6297.2
6281.7
6281.8
6283.5
6282.1
6282.6
6287.4
6287.9
6289.4
6294.6
6294.5
6290.5
6294.3
6298
6298.5
6298.6
6298.2
6300
6299.9
6305.8
6321.5
6322.7
6308.1
6308.4
6299.6
6295.1
6292.1
6282.8
6269.9
6269.7
6256.3
6250
6250.4
6260
6263.1
6249
6242.2
6237.7
6246.1
6226
6235.3
6234.4
6234.6
6234.9
6232.4
6228.4
6228.5
6228.4
6228.5
6227.9
6229
6229.2
6236.8
6237.6
6250
6241.9
6245.9
6245.4
6248.8
6249.8
6249.7
6269.9
6266.1
6258.6
6257.7
6255.1
6253.4
6250.1
6257.4
6249.9
6249.7
6251.1
6250
6249.7
6245.6
6242.1
6242.3
6242.2
6242.8
6242.9
6246.5
6242.9
6245
6242.9
6240
6241.7
6240
6240.7
6240.1
6240
6246.8
6250
6257.5
6259.6
6264.8
6264.7
6264.8
6261.2
6252.2
6258.1
6263
6259.2
6264.2
6259.9
6229.5
6231.7
6229.6
6225
6227.4
6227.1
6227.4
6228.2
6228.1
6228.2
6228.9
6229.2
6229.1
6227.7
6216
6220.1
6218.2
6208.5
6209.2
6207.6
6204.6
6205
6202.1
6202.9
6203
6201.9
6202.9
6209.8
6227.8
6228.1
6232.9
6240
6248.5
6267
6276.8
6282.7
6292.2
6292.8
6300
6299.9
6300
6307
6311.2
6317.2
6318.5
6319.1
6329
6329.4
6338.7
6340.6
6350
6342.1
6341.9
6349.9
6348.9
6347.7
6349.8
6349
6348.1
6348.9
6350
6348.2
6355.5
6368.8
6368.9
6373
6369
6384.6
6375.5
6375
6379.8
6384.6
6389
6380
6399.9
6409.1
6439
6439.1
6450.9
6469.8
6458.5
6473.1
6460.5
6456.9
6457.8
6432.4
6419.9
6382.4
6377.3
6379.9
6374.9
6372.9
6368.9
6372.8
6377.9
6417.5
6397.7
6392.1
6390.8
6384.1
6384.9
6384.8
6385.1
6389.4
6389
6384.2
6388.8
6380.1
6383.6
6380.2
6382.4
6385.7
6389.3
6395.5
6396.6
6398.7
6398.1
6397.1
6397.8
6400
6397.8
6397.9
6400
6398
6400
6397.9
6400
6399.9
6400
6397.4
6395.9
6383.6
6388.6
6387
6375.1
6376
6380.7
6365.8
6367.6
6360.9
6362.8
6370.1
6369
6368.4
6357.6
6357.1
6350.5
6342.5
6346.9
6342.6
6342.2
6339.1
6349.7
6354.4
6348.4
6350.9
6351
6344.9
6351
6352
6358.1
6347.4
6349.8
6347
6348.7
6354.4
6360
6367.6
6370
6369.9
6382.9
6393
6400
6391.4
6397.7
6397.6
6391.3
6391.9
6387.7
6385.8
6385.9
6387.3
6389.9
6389.6
6387.6
6383.3
6394.4
6394.6
6379.2
6385.5
6380.3
6379.6
6374.4
6371.7
6381
6376.1
6366.3
6363
6367.9
6374.9
6380.9
6390.7
6388
6392.2
6396
6392
6394.7
6392
6390
6390.1
6390
6388.8
6386.8
6385.4
6382.1
6389
6382.3
6385
6382.1
6382.5
6385.2
6387.3
6387.2
6389.9
6397
6396.6
6396
6399
6398.9
6391
6387.6
6390.7
6393.1
6390.4
6398
6394.1
6394
6390.3
6390
6383.6
6383.7
6382.1
6379.7
6374.1
6374
6364.1
6364
6357
6350.1
6349.9
6329.4
6333.5
6327.7
6327.9
6323.7
6329
6330.2
6330.1
6330.2
6345
6342.3
6346.9
6352.8
6348.8
6357.7
6357
6353.5
6343.1
6341
6337.6
6337.5
6333.4
6327.4
6331.5
6328.8
6335.3
6332.6
6335.5
6335
6333.5
6333.2
6333
6334.9
6340.7
6340.9
6346.3
6342.5
6347.3
6344.3
6349.6
6349.8
6349.9
6351.7
6358.2
6359.9
6371.4
6377
6377.2
6379
6377.2
6379
6378.7
6379.2
6384.9
6382.1
6385.7
6385.8
6386.3
6386.5
6389.9
6389.6
6400
6413
6408.8
6417.8
6429.9
6425.3
6425.5
6416.6
6409.2
6401.6
6394.2
6393.3
6392.7
6381.4
6400.7
6400.2
6401
6402.3
6401.7
6392
6391.5
6389.2
6388.8
6387.9
6377.1
6380
6377.5
6379.9
6404.6
6404.3
6405.9
6408.4
6410
6420
6410
6404.1
6404.5
6401.2
6401.1
6401
6400
6400.1
6400
6400.1
6402.3
6402.2
6400
6382.8
6379.8
6377
6377.1
6377.3
6377.2
6377
6377.1
6373.6
6371.4
6371.1
6365
6367.4
6366.2
6357.6
6355
6352.9
6349.6
6350
6352
6359.6
6360
6370.4
6371
6375.2
6378.2
6379
6380
6383.1
6386
6386.1
6387.4
6390
6389.9
6390
6389.9
6390
6389.9
6390
6383.7
6381.8
6370
6364
6350
6349.3
6348.7
6348.6
6342.7
6346.7
6350.5
6350.3
6342.7
6328.8
6320
6309.7
6301.1
6302.7
6301.1
6301.8
6310
6315.4
6315.5
6319.5
6326.5
6327
6325.6
6323.4
6324
6321
6326
6326.3
6327.2
6327.3
6327.6
6327.7
6325.8
6305
6301
6284.5
6280.2
6258.5
6265.4
6258.2
6250.2
6250.1
6249.8
6265.3
6273.1
6291.7
6307.1
6304.5
6304.6
6300.1
6300.2
6300.1
6292.4
6285
6290
6282.8
6285.8
6290
6299.9
6319.1
6305.6
6305.2
6304.2
6307.9
6301.1
6301.2
6320.8
6313.9
6305.1
6301
6301.1
6303.3
6301.9
6303.3
6311.7
6308.1
6301.1
6301
6301.1
6291.2
6286
6289
6279.3
6278
6278.1
6279.3
6281.2
6284.2
6284.9
6281.2
6281.1
6280.4
6280.3
6280.4
6280.3
6282
6283
6287.9
6288
6308.6
6311.9
6309.5
6310.5
6317.5
6321.3
6332.3
6339.9
6344
6347.5
6350.7
6352.3
6347.4
6350.2
6355.7
6354.8
6352.2
6342.5
6333.5
6330.8
6328.3
6323.1
6329.5
6328.9
6327.6
6318.4
6325
6330
6335.5
6356.9
6359.9
6374.9
6376.5
6380
6380.8
6383.9
6390
6392.5
6393.2
6398.8
6399.2
6414
6429.9
6455.8
6479.6
6475
6478.9
6481
6484.8
6486
6497
6496.4
6500
6496.9
6500
6496.9
6455.7
6449.7
6449.6
6441.8
6441.5
6427.3
6420.8
6413.3
6418.9
6417.7
6418.9
6417.7
6429.7
6431.5
6439.6
6452.1
6458.9
6478.9
6475.5
6480
6456.6
6456.5
6453.1
6452.1
6452
6452.1
6450.2
6445.1
6449.4
6434.3
6424.7
6427.6
6423.1
6422.9
6429.9
6434.9
6435
6434.9
6435
6434.9
6436.5
6435
6435.3
6445
6447.5
6449.7
6455
6455.4
6472
6480
6471.1
6480.3
6482.8
6485
6487.8
6482.8
6481.3
6471.9
6472.6
6472
6469.2
6465.4
6463.4
6460
6455.1
6454.9
6454.6
6450
6449.9
6448.8
6440
6449.4
6449.5
6430
6420.1
6419.4
6418.5
6418.3
6414.8
6419.9
6427
6426.9
6427
6439
6438.8
6441.7
6441.5
6441.9
6443.7
6443.6
6440.3
6434.8
6429
6423.7
6423.6
6434.1
6434
6434.6
6433.7
6423.8
6420
6419.1
6419
6418.6
6418
6414.9
6425
6424.7
6424.3
6424.5
6424
6430.9
6432.2
6433.6
6437.2
6444.5
6442.4
6444.3
6449.5
6449.9
6462.3
6444.7
6472.1
6471.9
6475.5
6478.9
6476.6
6478.8
6480
6478.7
6475
6453.9
6452
6450.2
6450.4
6451
6455.5
6469.7
6469.3
6469
6464.9
6464.2
6459.6
6458
6459.5
6459.6
6461.1
6463.5
6469.4
6470.2
6469.7
6472.6
6467.3
6467.8
6471.8
6468.6
6471.7
6467.2
6463.6
6469
6462.5
6465.7
6467.4
6467.5
6470
6468.1
6450.3
6450.1
6457.1
6457
6457.1
6450.1
6453.4
6453.6
6453.4
6453.5
6453.8
6456
6460
6455.5
6455.4
6455.5
6459.3
6460
6450.4
6450.1
6452
6454.4
6454
6450.6
6449.3
6449.2
6449
6446.2
6449.5
6449.6
6449.7
6450.7
6455
6461.6
6459.7
6455.3
6457.7
6457.3
6458
6458.3
6458
6458.3
6458.5
6458.6
6459
6458.9
6459
6458.9
6459
6458.9
6458.1
6449.9
6449.7
6449.1
6449.2
6449.7
6448
6437.6
6425
6424.8
6424
6400
6399.9
6391.7
6382.4
6391.2
6400
6401.9
6417.9
6422.4
6418.9
6425.6
6438
6433.1
6436
6434.2
6432.8
6429.4
6429.3
6425
6416
6415.6
6409.2
6397.8
6401.3
6392.5
6395.3
6394.8
6408
6407.2
6406.9
6400
6397.3
6395.2
6392.3
6386.9
6387.2
6386.8
6378.1
6384.9
6384.8
6380.9
6384.9
6391
6395.1
6399.9
6400
6412.5
6416.6
6415.9
6415.8
6416
6411.2
6413.7
6409
6409.1
6408.2
6408.1
6408
6400
6399.9
6398.8
6392.7
6392.4
6390
6395.8
6394.9
6395.7
6396
6392.8
6400
6395.6
6400
6404.1
6406.6
6405
6406.6
6407.2
6407.5
6409
6410
6417.4
6412.1
6432.7
6421.9
6432.7
6421.9
6435
6436.3
6436.9
6438.6
6439
6448.8
6453.1
6454.9
6457.6
6435.5
6440.3
6440.5
6444.2
6444.1
6442.6
6441.7
6435
6435.1
6435
6418.5
6421
6415.2
6426.8
6423.4
6419.6
6423.8
6400
6392.2
6400
6398.2
6397.8
6400
6398.8
6400
6399.9
6400
6402.1
6415.1
6418.4
6417.4
6414
6417.1
6409.9
6410
6409.8
6402.3
6408.4
6402.5
6399.9
6388.2
6388.5
6388.4
6386.7
6389.6
6400
6399.9
6400
6399.9
6400
6395
6394.9
6395
6392.9
6408.1
6410
6400.1
6400.2
6402.5
6400
6407.1
6406.5
6412.5
6412.4
6413
6403.9
6400
6399.8
6399.5
6397.9
6398
6396.5
6390.1
6392.2
6400
6399.8
6390
6389.9
6388.1
6388
6388.1
6388
6389.8
6389.9
6390
6395.6
6399
6400.1
6401.9
6399.8
6399.3
6400
6393.5
6394.8
6398
6409.7
6415.7
6420.4
6420.5
6426.3
6426.5
6424.9
6423.1
6423
6422
6420.9
6420.8
6420
6419.9
6420
6409.8
6413.5
6413.2
6402.3
6405.6
6405.5
6403
6404.1
6403
6411.1
6409.8
6405.9
6405.1
6403.4
6400.1
6403
6402.9
6403
6401.2
6403
6401.2
6400.1
6399
6396.1
6398.3
6398.7
6399.9
6398.7
6399.9
6399.7
6400
6399.9
6400
6399.9
6400
6399.7
6400.9
6401
6400.9
6401
6399
6392.1
6392
6391.6
6386.9
6382
6382.1
6381.8
6382
6389.2
6393.3
6393.9
6399.5
6406.696602
6408.8
6406.7
6410.5
6411.5
6406.4
6407.9
6410.3
6410.1
6409.9
6410
6410.4
6403.9
6407.3
6406.8
6406.7
6405.8
6405.4
6405.2
6403.9
6390.9
6394.3
6392.8
6391.7
6394.1
6394.2
6394.8
6396.3
6404.2
6400.8
6394.7
6393.7
6392.1
6392
6392.1
6392.2
6395.2
6394
6396.5
6396.4
6398
6406.7
6407.3
6408.4
6408.2
6408.4
6410
6422.5
6420.8
6420.5
6420.6
6420.7
6420.6
6422.5
6422.4
6430.2
6435.3
6434.6
6439.9
6442.6
6445.6
6450.5
6459.5
6473.4
6466.1
6467.8
6473.1
6474.3
6473.1
6474.3
6478.8
6475
6481
6477.1
6483
6490
6488.7
6491.2
6491.1
6491.2
6491.1
6485.2
6487.1
6485.1
6486.9
6490
6486.9
6487.2
6490
6490.1
6491
6490.9
6493
6496.9
6498.6
6498.7
6498.6
6498.9
6499.9
6509
6512.3
6512.9
6512.3
6512.9
6513
6511.4
6513.3
6496.2
6479.9
6488.4
6479.9
6470.4
6475
6476.8
6470
6467.4
6460.9
6455.2
6452.4
6450.1
6450
6450.2
6451
6459.8
6456.6
6456.3
6464.1
6468.6
6470.6
6467.6
6464.4
6460.4
6466.1
6460.4
6464.1
6462.5
6454.5
6450.2
6449.7
6443.3
6449.6
6443.3
6442.6
6443.1
6442.1
6440.9
6453.9
6447.4
6448.5
6448.6
6447.5
6447.4
6445.1
6447.4
6444.8
6447
6475
6474.7
6475
6477
6477.1
6477
6475.1
6474.8
6474
6471.7
6471.3
6470.2
6464.3
6470.2
6464.3
6468.8
6474
6471.5
6470.8
6468
6468.1
6467.2
6468.3
6468
6469.4
6469.1
6467
6465.5
6462
6460.7
6459.5
6452.6
6458.6
6463.8
6451
6450.9
6451
6459.7
6463.2
6462.8
6463.1
6467.6
6468
6466.7
6464
6465.1
6465.9
6465.1
6465.9
6466.4
6474.7
6475
6474.9
6477
6474.6
6478.9
6480
6476.5
6479.5
6478.9
6480
6479.9
6482.8
6482.9
6492
6491.1
6491.7
6491.2
6494
6494.6
6495.1
6493.1
6493.2
6491.1
6492
6491
6494.2
6497
6494.2
6497
6496.9
6497
6499
6501
6501.7
6503.2
6504
6506.3
6510
6510.7
6514.2
6517
6528.859918
6529
6532.8
6532.2
6533.2
6535.1
6536.2
6536.4
6540.5
6540.6
6533.4
6528.2
6517.4
6509.9
6517.4
6509.9
6508.8
6506.6
6501.3
6504.5
6504.9
6509
6517.2
6519
6519.1
6517.2
6517.3
6516.2
6513
6514
6520.9
6526.4
6521.8
6522.3
6527.8
6526
6530.5
6526.1
6526.7
6525.1
6522.4
6519.6
6518.3
6518
6517.1
6525.9
6521.5
6522.1
6523.3
6522.3
6521.7
6521.6
6521
6513.1
6508
6515.4
6518.3
6519
6519.3
6519.8
6519.9
6516.1
6515
6513.9
6516.7
6517.1
6517.4
6516.6
6516
6516.2
6517.3
6517.1
6517.2
6519.2
6520
6519.9
6523.9
6524
6525.7
6526.1
6535.5
6538.4
6545
6544.1
6546.8
6546.4
6544.4
6544.5
6544.4
6544.1
6542
6534
6535.7
6528.9
6529.7
6530.5
6529.7
6532.1
6529.5
6540.1
6544.5
6542.6
6543
6545.412581
6547.3
6547.9
6548
6549
6548
6547.1
6547
6547.1
6547.2
6547.5
6548.3
6548.4
6549
6548.4
6548.6
6548.4
6548.6
6548.9
6549
6548.9
6549
6548.9
6547.6
6549.3
6549.2
6550
6554.1
6564.3
6564.9
6561.7
6564.9
6561.7
6555.5
6551.7
6552.5
6558.9
6561
6563.8
6568.1
6568.5
6570
6569.9
6571.1
6579.9
6579.8
6580
6583.7
6583.8
6586.6
6587.9
6589
6584.9
6582
6580.1
6579.7
6580
6579.9
6579.8
6579.7
6579.6
6579.7
6577.9
6577.6
6577.2
6577.8
6579.6
6579.8
6580
6579.9
6580
6579.7
6579.6
6579.7
6579.8
6579.7
6579.8
6579.7
6579.8
6580
6583.9
6584
6584.9
6584.3
6580.1
6574.6
6573
6574.2
6579
6580
6579.6
6578.9
6578.1
6579
6578.6
6578.9
6580
6584.9
6583.1
6581.3
6581
6583
6585.4
6586.1
6586
6588.9
6589
6587.2
6590
6591.1
6593
6594.8
6594.9
6596.7
6599
6598.9
6599
6598.9
6599
6599.1
6599
6599.9
6600
6610
6609.9
6614
6617
6620
6621
6621.7
6625.7
6628.6
6628.7
6628.9
6628.8
6628
6628.5
6623.8
6627.9
6627.5
6621.1
6608.1
6600
6592.1
6604.1
6598
6597.9
6597.5
6591.7
6591.6
6594.6
6590.7
6590
6587.5
6584.6
6577.2
6572.8
6565.8
6551.8
6552
6538.9
6539.3
6540
6546.7
6552
6558.2
6563.713765
6569.3
6569.1
6574.9
6582.1
6582.7
6585.8
6589
6587.9
6578.4
6582.2
6579.4
6578.5
6578.1
6573
6573.1
6575.5
6580
6582.1
6577.4
6577.1
6577.2
6579.2
6578.9
6579
6578
6579
6581.7
6582.1
6583.3
6587.1
6586.9
6584.1
6584.2
6584.1
6584
6583.3
6579.7
6581.1
6579.9
6577.1
6580.8
6583.3
6587.6
6589
6588.9
6596.8
6597
6597.3
6598
6599
6598.8
6599.9
6610
6609.8
6613.3
6620
6629.1
6628.9
6629.9
6636.9
6643.2
6647.6
6646.9
6647.5
6640.7
6640
6622.1
6625
6625.1
6629.1
6628.4
6630
6628.4
6630
6631
6637.7
6639
6640.2
6641.2
6641.4
6641.6
6641.4
6641.6
6640
6639.4
6642.6
6642.8
6640
6639.3
6626.8
6630.1
6630.2
6634.1
6626.2
6625.1
6624.2
6616.1
6618
6618.4
6626.4
6621.9
6629.3
6629.2
6637.3
6632.5
6633.7
6634.6
6636.3
6637
6639
6639.2
6639.9
6640
6639.9
6635.1
6640
6635.3
6644.8
6648.8
6648.5
6647.4
6644.9
6643.1
6646.7
6647.8
6648.1
6646.8
6648.5
6646
6645.9
6642.4
6645.9
6642.4
6642.3
6640.1
6632
6641.3
6633
6630.1
6628.3
6628.4
6628.3
6630
6633.1
6630
6631
6631.2
6629.2
6629
6610.8
6613.7
6605
6596.8
6592.8
6570
6586.7
6585.5
6581.4
6577
6580.6
6562.6
6573.9
6565.1
6567.6
6572.7
6579.9
6592.6
6597
6599.7
6600
6607
6608.3
6609.9
6609.2
6608.9
6608.4
6609
6611.5
6616.5
6622.9
6623
6622.9
6629.8
6623.8
6624
6624.1
6623.5
6612.8
6608.9
6612.9
6604.5
6607.5
6599.7
6600.9
6598.4
6602
6596.2
6600.9
6601
6600.9
6603.6
6607.8
6609.2
6613.9
6614
6613.9
6602.3
6602
6600.9
6600.7
6599
6596
6590.1
6586.2
6584.5
6583.8
6583.9
6583.8
6583.9
6591.2
6591
6591.5
6590.6
6591.3
6590
6589.3
6582.2
6584.7
6577.7
6577
6576.9
6578
6579.1
6580
6588.5
6588.6
6590.7
6590.9
6594.5
6597.9
6598.3
6600
6599.9
6599.7
6598.1
6598
6595.1
6595.8
6594.7
6594.2
6589.6
6587.8
6585.5
6584.5
6583
6580
6556.8
6570.3
6551.1
6551
6551.1
6555
6555.3
6558
6572.2
6562
6561.1
6555.5
6555.8
6545.7
6545.8
6545.9
6545.8
6545.9
6541.1
6547.9
6549.8
6559.1
6568.3
6567.1
6566.9
6558.3
6557
6562
6559.6
6562
6559.6
6560.8
6567.3
6562.3
6565.3
6567.8
6567.6
6568
6571.7
6575
6571.7
6577.8
6576.4
6576.1
6577.3
6579.4
6576.5
6575.9
6576
6576.4
6579.8
6578.6
6581.5
6581.4
6579.3
6577.1
6575.2
6575.4
6575.6
6571.7
6582.3
6582.4
6582.9
6587.8
6588.8
6590
6600
6610
6609.9
6612.8
6611.2
6614.8
6619.9
6620
6620.7
6623.1
6623.3
6626.8
6623.3
6621.9
6621.4
6621.5
6620.8
6620.7
6620.6
6620.2
6620.1
6620
6619.9
6620
6619.8
6618.1
6604.2
6608.7
6618.1
6617.7
6612.1
6612.2
6612.1
6610.4
6610.5
6617.9
6617.4
6610.1
6614.2
6611.4
6610.5
6611.4
6611.7
6612.8
6617
6618
6614.5
6613.1
6613.7
6615.7
6616.6
6616.2
6616
6619.9
6621.1
6620.1
6619.2
6618.4
6617.6
6615.4
6616.5
6611.9
6611.4
6613.7
6613.3
6613.1
6613.3
6611.4
6612.5
6611.8
6611.1
6614.7
6624.3
6621.3
6629.4
6621
6624.9
6628.1
6624.9
6628.1
6628.3
6625
6627.1
6627.9
6633
6633.5
6636.6
6639.8
6637.5
6639.4
6634.6
6636
6638.5
6635.4
6637.1
6635.6
6635
6631.1
6633.7
6631.1
6634.3
6638
6633.6
6635.4
6633.4
6630
6621.7
6621.3
6615.1
6614
6614.1
6615.2
6618.2
6618.4
6617.7
6617.8
6616.3
6607.7
6610.4
6608.7
6609.9
6609.7
6609.8
6609.4
6609.3
6609.2
6600.9
6611.9
6607.5
6612.6
6614.9
6612.7
6614.7
6614.9
6615.3
6615
6614.9
6614.8
6615
6614.9
6615
6614.9
6614.8
6609.1
6612.6
6609.1
6610
6613.8
6613.6
6613.7
6613.5
6613.8
6613.7
6613.4
6613
6612.9
6613
6610.9
6610.6
6613.3
6613.7
6613.8
6613.7
6613.8
6613.7
6613.8
6615.7
6624
6625.3
6629.5
6630
6629.5
6625.5
6625.2
6626.6
6625.3
6637
6631.6
6635
6636.8
6639.2
6632.2
6640
6641.6
6644.3
6649.9
6648.7
6649.9
6650
6649.9
6650
6642.5
6649.8
6642.5
6649.7
6649.8
6649.7
6649.9
6649.7
6642.6
6641.9
6641.8
6639.5
6641.8
6639.5
6636.9
6633.5
6630.7
6633
6633.1
6633
6635.5
6643.1
6636.9
6643.8
6642.9
6643
6640.7
6640.9
6643
6641.7
6643.8
6649.5
6649.4
6649.1
6650
6643.9
6650
6649.8
6650
6648.9
6650
6648.9
6649.6
6649
6648.3
6649.7
6649.1
6649.4
6649.7
6648.3
6648.4
6650
6649.7
6648
6649.4
6649
6650
6646.5
6644.6
6648.4
6649.2
6642.6
6649.2
6642.6
6645.3
6643.2
6637.5
6642.6
6638.6
6646.1
6643.7
6643.8
6645
6643.7
6643.8
6649.7
6641.3
6649.9
6650
6646.2
6650
6647.9
6642.7
6647.1
6650
6649.9
6650
6649.9
6650
6649.9
6650
6649.9
6650
6649.9
6650
6649.9
6650
6649.9
6647.4
6647.8
6647.5
6647.6
6644.2
6649.1
6649.9
6649.2
6649
6645.1
6649.6
6647.8
6650
6648.9
6649.1
6650
6648
6650
6648.5
6648.1
6648.5
6649.8
6648.4
6648
6648.1
6650
6649.9
6650
6649.9
6650
6649.9
6650
6648
6649.9
6660
6659.9
6669.9
6668.7
6674.8
6674.9
6676.8
6676.5
6676.9
6677
6676.9
6673.3
6677.8
6675.4
6678
6680
6681.4
6681.3
6685.9
6687.2
6687.8
6687
6668.6
6680.1
6674.9
6672.3
6670.7
6661.1
6655
6659.3
6665.5
6661.4
6668.6
6665
6665.1
6667.8
6660.6
6660.7
6663.7
6663.6
6663.7
6663.6
6665.4
6665.5
6668.9
6669.9
6669.1
6669.2
6669
6667
6666
6661.6
6661.4
6661.5
6660
6659.4
6659.8
6658.4
6658.7
6655.2
6622.2
6635.7
6630.7
6630.6
6615.4
6616.3
6613.2
6600.2
6589.6
6589.3
6580.1
6586.6
6596.7
6606.8
6605.1
6603.6
6603.7
6600.9
6600.1
6603.4
6603.5
6601.4
6601.5
6601.4
6601.6
6601.5
6600.1
6600
6600.1
6600
6598.3
6590
6594.9
6594.3
6590
6582.1
6587.9
6589.1
6589.2
6588
6582
6581.8
6570.9
6571
6570
6566.9
6550.3
6549.2
6539.8
6535.3
6536
6535.9
6534.3
6532.2
6532.1
6531.8
6534
6540.5
6553.1
6543.5
6549.6
6555.9
6557.5
6562
6571.9
6573.5
6575.3
6573.3
6581.3
6581.8
6581.7
6580.1
6580
6554.7
6563.2
6550.7
6559
6561.9
6567.8
6568.1
6570
6566.1
6562.3
6568.2
6569.8
6562.3
6568
6565.5
6561.6
6567
6568.2
6569.9
6565.7
6570
6569.9
6570
6568
6547.7
6550.1
6555.8
6550.2
6557.3
6555.8
6555.1
6552.4
6554
6558.7
6560
6562.9
6562.3
6560.3
6558.6
6555.4
6556.4
6559
6557.6
6558.1
6556.1
6555.2
6550
6550.1
6554.4
6559.8
6556.4
6560.1
6566.3
6561.4
6568
6570
6579
6575.4
6579.6
6585
6583
6580
6575
6574.9
6575
6584.1
6586
6586.3
6589.7
6589.3
6590.8
6591
6592.2
6595.4
6597
6595.8
6595.9
6597.5
6592.5
6592.6
6590.8
6596.4
6599.9
6600
6599.9
6600
6601
6607.1
6603.8
6608.6
6605.2
6607.6
6608
6607.4
6605.1
6604
6602.6
6602.8
6609.3
6611
6609.4
6612.2
6610.3
6617.5
6612.8
6612.9
6612.5
6612.7
6619.9
6616.8
6614
6612.6
6614
6620.3
6623.9
6623.1
6623.9
6624
6639.8
6630.9
6636.9
6639.6
6637.8
6628.3
6620.1
6624.8
6628.4
6629.4
6635.7
6628.1
6626.1
6625.1
6613.8
6616
6606.2
6613.3
6610
6613.3
6610
6620
6622.2
6625.8
6614.4
6616.5
6616.8
6612.8
6611.4
6612.8
6617
6619.9
6620
6613.4
6609.5
6607.3
6607.2
6606.1
6607.5
6619
6620.5
6615.4
6616.8
6608.9
6609
6605.6
6605.4
6610
6606.7
6606
6605.9
6606.7
6609.3
6610
6609.6
6609.2
6610
6609.3
6606.7
6601
6604.7
6604.8
6604.7
6603.4
6599
6587.9
6585.1
6584.8
6584.7
6585.4
6592.5
6593.6
6594.9
6595.2
6593.9
6582
6582.2
6584.5
6584.6
6584.8
6585.6
6586.4
6583.3
6583.5
6583
6580.1
6567
6564.2
6570.5
6569.4
6534.9
6538.2
6541.5
6541.9
6544.2
6544.3
6544.8
6545.1
6546.8
6547.3
6553.8
6550.1
6556
6559.9
6560
6559.9
6561.5
6561.6
6566.6
6566.5
6566.6
6566.5
6566.6
6560
6549.8
6548.2
6544.6
6542.7
6540.1
6538.7
6538.3
6538.1
6547.7
6557.5
6549.8
6553.6
6546.5
6548.5
6545.9
6540.9
6548.3
6552.1
6547.9
6555.3
6553.4
6548.6
6543.2
6542.9
6541.2
6541.4
6541.5
6542.1
6545
6550
6564.8
6575.8
6576.3
6575.6
6574.8
6574.7
6574.8
6575
6578
6578.8
6577
6578
6582
6581.8
6588.8
6583.7
6584.6
6584.1
6589
6591.7
6591.8
6591
6583.6
6572.2
6572.3
6579.4
6584.3
6581.1
6587
6586.3
6584.5
6577.7
6570.5
6579
6582.3
6579.1
6578.3
6570
6582.2
6569
6582.2
6569
6575.6
6573.6
6570.6
6572.5
6573
6572.8
6571.2
6573
6573.6
6580.3
6582.9
6582.5
6589.7
6585.6
6572.2
6583.1
6582.4
6584.5
6583.3
6582
6584.4
6585.3
6581.5
6583.6
6581.3
6583.8
6584
6581.4
6583.4
6581
6574.8
6572.5
6570.9
6565.4
6565.5
6560.9
6559.9
6559.8
6555.7
6555.9
6553.8
6552
6553.8
6554.8
6560.1
6560.8
6564.3
6564.4
6572.8
6564.4
6560
6559.9
6556.7
6560.9
6564
6560.3
6563.6
6559
6549.9
6553.4
6547
6541.7
6548.3
6546.1
6549.9
6549.8
6549.9
6549.7
6549.8
6549.6
6546
6548.4
6549.4
6546.5
6547.8
6549.4
6546.2
6546
6541.1
6537.7
6539.3
6537.7
6541.9
6543.9
6544
6547.1
6553.7
6553
6549
6545.4
