1241.5
1232.1
1234.9
1242
1245.2
1252.2
1249
1247.5
1249
1251
1255.7
1260
1264.6
1267.9
1269
1260.1
1254
1250
1253.9
1258.7
1258.9
1260
1260.1
1263.1
1260.2
1260
1264
1264.5
1264.8
1265
1263
1263.4
1275
1274.7
1270
1263
1250
1238.1
1232.7
1230
1232
1226.7
1226.5
1226.9
1230.9
1236.8
1243.4
1249.3
1259.7
1265
1266.1
1272
1267.8
1257.2
1266.3
1260
1265
1260.4
1261.4
1256.2
1260
1260.3
1260.1
1256.5
1254.1
1253
1252
1251
1250
1236.1
1255
1262
1261.3
1267
1264.9
1256.5
1257.2
1256
1248.9
1244.1
1247.5
1243.8
1242.6
1240.7
1242.9
1241.2
1241
1241.2
1243.7
1243.2
1244.1
1249.8
1255
1270.1
1270
1279
1278.9
1279.7
1282.6
1282
1290
1295
1286
1298.1
1286
1291
1289.1
1288.1
1285
1282
1280
1278.1
1281
1278
1273
1270
1270.1
1270.3
1274.5
1275.2
1280.7
1279.9
1280
1285.9
1294.3
1300
1305.9
1317
1310
1302.5
1301.1
1310
1300
1293.8
1298.7
1308
1300.2
1305.6
1301.3
1302
1300
1305.4
1301.1
1301.5
1305
1309.2
1303.6
1305.1
1305
1308
1307
1308
1310
1304.9
1294.8
1296.9
1300
1303
1304
1304.3
1300
1299.9
1300
1297.2
1300
1295.1
1289.9
1285
1279.5
1275.3
1275.5
1273.3
1265
1261
1262.6
1266
1267.8
1269.9
1276.5
1275
1276.7
1280.1
1288.4
1293
1299
1292.2
1295
1292.3
1288
1287.2
1280.4
1285.8
1287.9
1275.1
1278
1282.5
1274.3
1274.7
1270.1
1268
1269.9
1270
1267.1
1260.4
1255.6
1251
1252.3
1259.8
1264.2
1266
1265
1262.2
1260.1
1263
1262.7
1266
1265
1271
1270
1262.2
1265.2
1265.7
1265
1267
1267.1
1266
1265.3
1260.9
1266.2
1260
1256.2
1256.3
1253.1
1252
1250
1245.1
1242.9
1243.3
1248.2
1243.3
1245
1243
1245
1241.8
1240
1232
1229.1
1230
1229.1
1229.9
1226.1
1223.1
1227
1230.2
1231.1
1230.1
1234.9
1230.2
1234.4
1230.2
1233.7
1234
1240
1239.8
1245
1246
1255
1250.3
1249.7
1241.8
1244.9
1245.4
1230.3
1240
1239
1237
1239
1240
1239
1235
1239
1234.9
1233.8
1232.1
1235
1236
1233.9
1237
1244.2
1244.8
1241.8
1247
1248
1247.9
1248
1247.4
1248
1250
1248.3
1248.2
1248
1250
1246.2
1249.8
1247.3
1244.2
1248
1243.9
1241.1
1243.7
1239.7
1242.9
1248
1244
1242.9
1242.1
1240
1238
1236
1235.3
1235
1232.9
1231.5
1232
1231
1227.9
1230
1235
1233.3
1238
1238.4
1241.9
1241.4
1239.1
1240.9
1239.2
1241
1245
1243.1
1245
1244.9
1245
1246.6
1248
1250
1255.4
1259
1259.1
1260
1262.4
1267.9
1268
1269
1267.6
1267.1
1267.2
1270
1268
1270
1267
1267.1
1270
1269
1270
1275
1284.2
1288.3
1290
1288
1282.9
1276.3
1273
1268.4
1277.9
1278.7
1280
1289.2
1290.5
1300
1293.9
1287
1285
1283
1279.1
1275.1
1272.8
1280
1275.1
1279.2
1278.9
1278
1275
1273.2
1271.3
1273.1
1270.8
1274.7
1267.6
1270
1275
1275.2
1276
1286.9
1286.7
1285.3
1289
1289.1
1299
1298.9
1295.1
1298.9
1300
1304.8
1309
1304.1
1297.3
1299.9
1300
1299.8
1303.8
1297
1295
1294
1296
1299.8
1291.3
1294.3
1303
1305
1306
1302
1309
1313.8
1314.1
1322
1331
1333
1334.4
1337.5
1337
1335
1339.9
1349
1359.9
1375.2
1386.8
1377.5
1385.9
1389.9
1388.9
1390
1395
1399
1396.4
1399.9
1420
1450
1422
1413.2
1422.5
1429
1430
1443.6
1463.1
1470.6
1480
1484.8
1450.1
1453.9
1465
1455.2
1465
1474.9
1467
1470
1469.1
1460
1450
1410
1401
1405
1414
1430.2
1422
1424
1420
1422
1433
1438
1422.1
1422
1419.8
1412.9
1425
1438
1425
1438
1438.8
1439.9
1440.1
1440
1420.1
1434.6
1425.5
1420
1423.2
1430
1430.1
1432
1433
1435
1433.1
1440
1430
1447
1445
1449.9
1478
1474.9
1480
1479.9
1485
1486.8
1494
1494.5
1488
1479.8
1478
1465.1
1466.4
1468.9
1474
1470
1471
1468.1
1467.1
1470.1
1497
1518.9
1520
1521.9
1524
1530
1537
1538
1540
1541.8
1543.9
1542.3
1538
1490.1
1473
1514.6
1486
1498.9
1490
1489.9
1485.5
1450
1443
1438
1421.9
1431
1437.9
1432.4
1439.9
1448
1447.9
1449.9
1450
1449.9
1450.4
1460.2
1456.9
1445.7
1449.9
1449
1450
1449.8
1446.9
1440.1
1428.9
1402.3
1385.5
1380
1371.3
1392.6
1389.9
1399.6
1418.9
1414
1420.1
1419
1410
1387.8
1385
1389.8
1385.4
1390
1396
1396.9
1408.1
1409
1410
1409
1405
1410
1404
1388.1
1388
1390
1400
1392.4
1398.5
1392.8
1387
1375.1
1389.8
1391
1388.6
1375
1380.1
1382.8
1380
1383
1382.9
1375
1361.8
1365
1362
1363
1363.8
1365
1368
1369.9
1370
1367
1377.5
1385
1390.9
1400
1401
1404.9
1406
1408.9
1410
1418
1420
1407
1410
1415
1420
1427.6
1429.9
1430
1428.4
1439
1435
1427.6
1432.8
1417.5
1404.1
1408.5
1401.3
1397.8
1387.6
1398.9
1399
1405.9
1410
1409.1
1409.3
1397.8
1400
1399.1
1399
1396.3
1399
1403.7
1406.8
1408
1408.2
1408
1405
1404
1400
1406.2
1404.9
1400
1412.1
1415
1418
1424.9
1428.1
1427
1428.1
1427
1427.7
1446.1
1450
1450.9
1459.9
1459
1447
1426.9
1430
1444.4
1443.8
1433.5
1440
1438
1437.3
1448
1468.9
1473.8
1480
1456.6
1476.4
1463
1476
1480
1485
1486.8
1498.6
1499.9
1511.9
1506.2
1519.9
1506.1
1500
1493.5
1490
1488
1475.7
1471.5
1475.1
1490
1510
1525.4
1518.9
1500.4
1500
1505
1485
1482
1485
1494.9
1500
1482
1481
1479.9
1439.5
1425
1410
1419.9
1424
1429.8
1421
1431.7
1425.3
1434.6
1429.8
1430
1428
1428.9
1431.8
1438.8
1428
1430
1422.1
1419.8
1416.7
1416.4
1410
1409
1407.1
1403.9
1404.4
1407
1390
1387.1
1381.3
1377
1380
1356
1346.8
1345.5
1335
1327
1315.4
1328.5
1345.1
1335.1
1347.7
1330
1340
1340.2
1340
1334.6
1335
1334.9
1325
1331.9
1330.4
1330
1339.9
1353.9
1378.5
1383
1379
1380.1
1380
1389
1387.9
1361
1380
1364.3
1365.7
1358.7
1360
1362.8
1367.1
1367.7
1367.6
1368.3
1367.6
1372.2
1363.8
1359.3
1359
1366
1362.9
1356
1360
1346.3
1339.6
1335.9
1331.9
1326
1323
1311.8
1320
1327.8
1334.9
1340.5
1343.1
1342
1347
1347.2
1366
1360
1359.6
1355
1350
1347
1366.7
1386.9
1387.5
1370
1369.9
1370
1379.8
1383
1380
1377
1370
1366.8
1369.8
1370.9
1365
1378.6
1367
1371
1374.7
1367
1357.3
1358.1
1360.4
1366.6
1370
1364.5
1374.9
1375
1371
1368.1
1369.6
1360
1358
1342.2
1344.8
1335
1331.1
1331
1321.2
1315.5
1316.4
1323.4
1325
1329.2
1326.9
1340.4
1332.7
1339.9
1340
1340.5
1348
1342.6
1339
1334.6
1335
1338.8
1339.7
1340
1340.5
1343
1348.3
1348
1358
1358.1
1360
1354.8
1359.5
1355
1352.8
1351.9
1348.5
1344.6
1344.8
1342.6
1340.6
1340.9
1341
1343.4
1340.9
1343.2
1340.8
1343.2
1340.6
1340
1343.1
1338.6
1335
1343.8
1340.8
1338
1335.4
1343
1335
1330.8
1327
1327.8
1327
1325
1327
1329.1
1329
1327
1326.9
1328.9
1335
1354
1355.6
1351
1356
1358.9
1357
1359
1359.9
1376
1379
1388
1387.1
1387
1387.1
1390
1393
1394
1398
1410.1
1416.7
1419
1413.1
1419
1416
1410
1386.1
1385
1368.5
1385
1395
1400
1398.9
1382
1401.5
1400
1399.9
1402
1397.1
1385.3
1389.6
1381
1364.9
1365.1
1369
1375.3
1384.3
1385
1382
1375.1
1377.3
1370
1369.5
1370
1368
1365.6
1371.8
1379
1380
1386.8
1381
1386.8
1385
1381
1383
1373
1370
1371.5
1363
1352
1354.1
1358
1361.4
1360.9
1351.1
1350
1350.7
1340
1340.3
1340
1338.1
1338
1345.2
1344.4
1349
1344.5
1349
1356.2
1360
1375.5
1371.8
1361.7
1361.4
1361.7
1356.3
1352
1350
1349.7
1349
1367.4
1367
1364
1367
1365
1367
1361.1
1359.7
1351
1350
1345.1
1346.4
1346.6
1348.6
1349
1348.9
1349
1353
1362
1367
1357.3
1360.4
1360.9
1363.5
1365
1368.8
1380
1381
1385
1381.5
1390.6
1386.9
1382.9
1381.4
1382.1
1380
1379.7
1372.4
1365.3
1365
1360
1362.9
1370
1375.1
1370
1375.1
1385
1384
1380
1379.7
1379
1374.9
1364.4
1364
1363.9
1360
1358.9
1361.8
1367.8
1356.8
1360.2
1366
1360.2
1366
1367.5
1367.1
1368.9
1368.5
1368.7
1367.5
1372
1380
1384.7
1389
1393.8
1390
1401.9
1415.7
1413.1
1420.7
1428
1450
1452.4
1466.6
1448.4
1449.9
1430.9
1436
1436.6
1430
1440
1435.8
1440
1435
1427
1415
1426.8
1425
1433.7
1430
1435.9
1430
1435.9
1430
1448.3
1445.9
1441
1436.9
1444
1436
1436.5
1440.8
1458
1479.8
1477
1480.1
1485
1488
1479
1487.9
1490
1492.9
1486.6
1490.7
1486
1487.8
1465.1
1465
1472
1465
1476.2
1471.2
1478
1466
1461
1458
1465
1460
1447.5
1442
1432
1446.9
1447
1450
1460.8
1440
1435.1
1437
1439
1446.7
1445.2
1455
1460
1455
1460
1449.7
1442.1
1448.3
1442.2
1444.9
1450
1460
1453.4
1457.6
1457.9
1460
1465
1474
1460
1469.3
1477.2
1480.2
1477
1475
1475.5
1471
1465
1465.1
1460
1457.3
1456.3
1452.1
1460.3
1460.2
1457
1461
1460
1457
1450
1408.1
1407
1420.9
1412
1411.2
1412
1412.2
1421.9
1422.3
1420
1422
1425
1433.6
1430
1432.1
1430
1432.1
1435.3
1435
1432.1
1447.8
1435.8
1435.1
1435.3
1436
1436.2
1436
1435
1423.1
1410
1396.3
1390.2
1376.9
1369.7
1361
1353.3
1350
1348.8
1335
1345
1300.3
1261.5
1259.9
1242.3
1222
1228
1227.4
1231.9
1270
1284.2
1284.5
1285
1300
1296.2
1290
1294
1309
1318.9
1320
1324.9
1322
1307.4
1301
1300
1304.7
1302.4
1308.8
1289.4
1285.1
1275.1
1275
1271.4
1271.6
1276
1270
1281.7
1271.4
1290
1291
1300.1
1306.7
1310
1310.8
1313
1309.5
1301.6
1305
1302.7
1301.5
1310
1309.6
1300.1
1299.9
1300
1292.6
1290.1
1287
1287.8
1288.1
1280
1275.1
1278.7
1287.2
1287.6
1287.2
1287.6
1286.8
1265.4
1275
1280
1285
1284.9
1289.9
1306.1
1300
1307.2
1311.5
1319
1323.7
1320.2
1320.3
1329.9
1328.9
1328
1338.8
1332
1330.3
1327
1329.2
1312
1317.9
1310
1309.6
1301
1304.9
1301
1301.1
1299.1
1299.9
1304.9
1303.9
1309.8
1319.7
1329
1329.8
1327
1325.5
1321.3
1321
1325.9
1322.9
1325.8
1327
1329.5
1325
1325.1
1318.6
1318.7
1314.5
1307.2
1304
1300
1298.6
1290.1
1290
1284.7
1284.2
1287
1299
1294
1299
1290
1295
1294.8
1287.6
1288.3
1289.1
1286.3
1282.2
1286
1293.7
1295.1
1295.6
1302.9
1312
1315
1316.7
1320
1299
1301.3
1299.1
1290
1289
1289.3
1287.2
1289.3
1287.2
1295.9
1298
1292.2
1290.1
1286
1282.9
1280
1281.7
1277.8
1271.5
1265.9
1267.1
1262.5
1289.8
1281.1
1289
1284.4
1286.2
1284.9
1289.6
1289.3
1285.7
1295.4
1313.7
1313.2
1320
1312.5
1310
1314
1310.6
1312
1312.4
1306.4
1300.5
1301.7
1296
1297
1293
1293.3
1293.2
1298.9
1304.4
1304.5
1302.8
1305
1302.8
1310
1305.2
1308.2
1307
1306.8
1305.9
1306
1307.6
1307.3
1307.2
1315
1314
1313.6
1311.5
1312
1300.3
1303.8
1302
1304
1307
1306
1309.9
1306
1307.1
1307.2
1307.5
1308.2
1308.1
1310
1310.3
1310
1310.3
1307.3
1309.6
1310.3
1310.2
1310.3
1309.2
1311
1312
1318
1333
1332.3
1337.3
1342.5
1343
1341.2
1341.5
1359
1363.8
1360
1354.3
1363.9
1360.9
1351.2
1350
1341
1321.7
1330.6
1327
1322
1327.1
1330
1326.9
1334.9
1332.9
1330.2
1333
1339
1338
1343.6
1338.9
1340.1
1344.9
1345.2
1346.9
1342.3
1347.9
1344.6
1342.6
1345.1
1348
1345
1346.7
1348
1347
1348
1354
1352.9
1353
1348
1349
1348
1346.2
1339.9
1330
1322.7
1315.4
1314.9
1320.7
1310
1315
1316
1319.9
1324
1332
1317
1321.4
1321.9
1321.8
1321.4
1327
1329
1339
1335
1329.8
1330.8
1331.5
1327.6
1324.8
1320.7
1316.2
1316.4
1317
1315
1314.9
1314.8
1314.9
1313.1
1314.9
1313.6
1313.3
1310
1308.4
1305.6
1301.9
1304
1300.5
1286.4
1294.2
1298.1
1300.9
1296.2
1307
1301
1309.9
1312
1319.8
1312.7
1319.8
1312.7
1317.8
1320.9
1317.6
1320
1315.1
1316.1
1323.9
1327
1333.1
1324.6
1324.8
1324.5
1336.2
1346
1345
1349.2
1333
1328.6
1329.4
1326.5
1329
1324.8
1322
1320
1327.8
1326.8
1327.6
1327
1326.8
1326.6
1324.3
1323.7
1324.6
1318.7
1317.4
1317.5
1315.1
1312
1313.2
1310
1311
1330.4
1332
1329.3
1329.1
1329.3
1340
1338
1334
1336.3
1334.9
1336.3
1342
1340
1340.5
1338.7
1340
1341.2
1336
1336.7
1337.5
1340
1341
1340.1
1341.4
1341.1
1340
1342
1340
1333.4
1329.6
1329.4
1325
1323.5
1321.9
1320
1322
1328.9
1325.1
1320
1317.2
1317.3
1323.6
1320.5
1320.6
1324.3
1318
1318.2
1317
1315.2
1316
1315
1307
1308.8
1309.7
1318.9
1317.8
1314.9
1313.9
1310.2
1312.9
1318.1
1320.6
1315.1
1315
1311.5
1311.2
1309.5
1307.1
1310
1312
1317.8
1312
1312.4
1311.6
1311.7
1312.4
1311.9
1324.7
1320
1320.1
1334
1332.7
1337.3
1329.4
1325.5
1330
1324.8
1323.9
1328.3
1323.8
1327
1324.1
1319.9
1320.3
1321
1328.3
1322.1
1320.4
1320.9
1320
1324
1325.2
1324.1
1336.7
1335
1340
1341
1341.9
1341.2
1341.1
1337.3
1341
1338.2
1340
1347.4
1345
1340
1342
1344.1
1342.1
1344.1
1346
1345.8
1345.9
1345.8
1344.6
1346
1345
1348.4
1346.6
1348.3
1347.7
1346
1342
1342.1
1343.8
1343.9
1344.4
1343.9
1343
1343.1
1338.4
1338.5
1340
1340.2
1336.5
1336
1336.8
1341
1336
1331.3
1336
1331.3
1333.1
1338.3
1333.8
1334.9
1331
1327
1325
1320
1316
1315.2
1319.4
1318.8
1329
1322.3
1322
1326
1323
1321.8
1329.9
1340
1341.1
1341.3
1341.1
1330
1329
1327.7
1340.1
1340
1337
1337.4
1339
1338.9
1338.7
1334.7
1334.9
1335
1338.8
1339.5
1336.7
1339.9
1339.1
1339.9
1335.8
1335.9
1334.9
1339
1333.9
1333.8
1333.5
1334
1333.5
1336
1337.9
1336.1
1336
1338
1336.6
1336.3
1333.5
1331
1330.1
1330.4
1335.1
1335.9
1331.7
1331.9
1330.2
1330.3
1327.8
1330
1326.6
1327.5
1327.1
1327.9
1327.1
1319
1327.1
1325
1325.4
1325
1327
1324.1
1320
1323.6
1312
1311.9
1309.9
1301.1
1305.4
1305.8
1300
1316.8
1316.5
1316.7
1319.4
1319
1319.1
1319
1318.1
1322
1320.5
1324.3
1317.1
1324.3
1318
1313.3
1307.2
1305.3
1305
1306
1296.8
1297.6
1300
1304.9
1309.9
1317
1330
1333
1328.8
1327.5
1329.8
1330
1333.9
1335
1347
1350
1350.1
1351.1
1350
1358
1358.8
1354.1
1359.9
1366.9
1366.2
1360.6
1360
1363.8
1362
1365
1371
1383.1
1391.9
1393.9
1390.1
1399.9
1400
1411
1412
1393.9
1390.3
1409.9
1414.2
1411.5
1406.5
1412
1411.4
1410.4
1399.8
1398.1
1398.9
1395.2
1394.8
1385.4
1383.3
1385
1381
1388.8
1384.2
1380.4
1382.4
1385.4
1385
1385.4
1385
1387.7
1386.9
1385.8
1386
1388
1389
1386
1387
1386.3
1385.5
1384.9
1385
1376.9
1379.8
1376.7
1382.3
1377
1376.3
1378.8
1376.2
1377.8
1375.8
1361
1362.8
1361
1360.1
1362
1360
1361
1350
1345.2
1349.1
1360.7
1352.8
1350.2
1352.1
1346.4
1349.8
1345
1340
1333.3
1339.9
1344.2
1352
1348.3
1350
1351
1349.7
1351
1349.7
1348.3
1347.2
1347
1345
1338.5
1337.6
1340
1338.3
1340
1338
1335.8
1339.5
1337
1339
1340
1338.7
1338
1339.9
1344.7
1340.9
1344.8
1334.7
1336
1342.8
1334.1
1334.3
1334.7
1335.1
1344.1
1338
1349.8
1349.3
1344
1347.7
1344.1
1344.9
1342.9
1343
1339.8
1339.5
1333
1331
1332.5
1333
1330
1332.7
1330
1332
1342.9
1337.4
1341.8
1345
1351.1
1345
1350
1355.5
1353
1354
1354.1
1363.7
1365
1356.8
1362
1365
1358.4
1358
1353.9
1350.6
1345
1345.1
1346.1
1345.1
1346.1
1345.1
1346.9
1342
1343.7
1349.1
1350.8
1345
1345.1
1342.3
1340.6
1340.3
1340.6
1340.5
1350.8
1340.6
1341.1
1345.9
1345.7
1350
1346.2
1349.1
1350.8
1352.7
1360
1364.6
1365.1
1361.1
1361.9
1364.2
1358.9
1362.7
1359.8
1360.1
1357.4
1360.1
1354
1356
1354
1350.9
1350
1350.1
1352.1
1355.1
1355
1361
1351.5
1359.1
1351.5
1352.3
1357.7
1355.1
1358.7
1359
1358.5
1358.6
1362.9
1358.6
1362.2
1358.6
1364.3
1362
1366
1366.5
1362.8
1360.1
1361
1365
1361
1361.8
1358.3
1359.5
1358.2
1352
1354.2
1351.5
1350.1
1352.9
1350.1
1350
1350.5
1357.3
1350.3
1350
1356.2
1350.1
1350
1347
1335.4
1341
1349.9
1341.3
1347
1343.1
1334.9
1320
1329.1
1331.1
1328.9
1326.2
1330
1331.4
1328.6
1328.3
1325.5
1325.8
1329.1
1329
1329.4
1324
1329.3
1325.3
1328.2
1325
1319.6
1320
1319.6
1319
1320
1320.2
1321
1321.2
1322.5
1320.2
1321.8
1322
1327.2
1326.6
1326.5
1326.2
1330
1336.5
1330.8
1330.4
1330.7
1331
1332.9
1330
1331.2
1331.1
1329.8
1331.6
1331.7
1335.9
1331
1332.9
1339.1
1333.1
1328
1322.2
1321.9
1320.8
1318.7
1325.6
1323.9
1323.5
1321
1318
1325.4
1324.4
1329.3
1320
1318
1317
1317.1
1315
1305.1
1305
1303.9
1302.1
1301
1303.6
1299
1295.3
1295.8
1299.9
1299.6
1299.3
1298
1299.8
1295
1291.8
1293.1
1291.2
1294.6
1294.8
1291
1293.6
1291.1
1290.3
1292.3
1285.9
1285.1
1285.8
1282
1280.6
1283.3
1280
1280.6
1290
1281.5
1280.1
1280
1282.4
1267.6
1269.9
1273.5
1268
1266.8
1263.1
1266.1
1263.4
1260.4
1258.4
1260.3
1258.5
1251.7
1259.7
1265
1265.9
1265.3
1274.1
1269.3
1275.1
1280
1280.1
1290
1295.7
1294.9
1296
1301.7
1300.5
1301.9
1310
1302.1
1307.9
1307.6
1305
1302.5
1303
1304
1306
1306.5
1306
1305.5
1291
1293.9
1303.8
1297.2
1302.8
1303.1
1303.7
1304.6
1306
1301.6
1297.2
1304.1
1299.1
1295.5
1281.5
1255
1282.8
1280.7
1283.4
1277.6
1274.7
1280.9
1282.3
1282.6
1280.2
1280
1284
1283.7
1283.6
1283
1284
1283
1284
1281
1280
1279.9
1277.2
1280
1279
1280
1277
1280
1281
1288.7
1283
1283.3
1283.4
1295.9
1294.7
1290
1285
1280
1277.2
1280
1283.1
1277
1272
1273.3
1271.2
1270
1267.1
1261.9
1262.5
1268.7
1260
1257.2
1257.8
1257.6
1260
1266.9
1261
1269.9
1269.8
1272
1279
1273.6
1274.4
1282.7
1282.6
1270
1266.4
1266
1269
1268
1277
1270.1
1267.1
1265.7
1262.6
1268.3
1267.3
1269.8
1261.3
1262.2
1262.3
1262.1
1267
1273.1
1276.2
1276.7
1276.1
1271.3
1270.5
1269.1
1269.4
1270
1267.5
1266.9
1270.2
1266.9
1262.7
1260.1
1260
1263.8
1259.3
1254.4
1260
1253.1
1254
1252.2
1252.5
1250.1
1252.9
1249.9
1250
1255
1257.3
1257.9
1257.5
1255.2
1257.5
1257.3
1259.9
1254.8
1255
1255.4
1263.5
1262.8
1255.9
1255
1254.5
1254.4
1255.9
1256
1256.7
1256
1245.8
1251.8
1249.7
1252
1248.1
1242.1
1242.4
1250
1258
1250.9
1252.5
1259
1256
1263.6
1257.1
1260.1
1261
1270
1268.2
1263.3
1270
1263.7
1265.2
1262.1
1260
1257.3
1256.3
1257
1257.3
1257
1257.1
1252.8
1251.9
1252
1251.9
1251.2
1251
1252
1254
1253.8
1252
1251.7
1250.5
1250.2
1251.5
1250.8
1250.1
1251
1253.4
1251
1253.4
1255.4
1257.1
1253.1
1252.6
1254.8
1252.1
1251.6
1251.1
1252
1251.7
1252.1
1252.8
1252.3
1252.9
1255
1255.8
1256.4
1259.2
1257
1258.9
1251.8
1252
1253.2
1254.2
1255.1
1256
1253.6
1259
1260.5
1259.5
1257
1260.7
1260
1260.4
1259
1260
1256.6
1256
1256.1
1256
1258.2
1256.1
1255
1255.1
1250.2
1249.5
1253.9
1251.4
1252.4
1251.5
1250.8
1246.4
1246.5
1246.6
1253.7
1231.1
1233.1
1235.1
1233.3
1235
1236.2
1240
1239.9
1239.8
1238.9
1237.5
1236.8
1228.2
1228.9
1228.7
1231.5
1234.9
1236
1236.8
1236.6
1231.6
1235.1
1235
1230
1229.6
1229
1229.6
1229
1228.7
1229
1234.9
1240
1230.1
1236.6
1233.8
1235.2
1232.2
1231.2
1234.4
1234
1231.8
1230
1230.7
1230.2
1229.8
1230.6
1230.2
1230
1230.2
1230
1225.2
1226.8
1226
1226.1
1223.8
1223
1222.1
1223.2
1220
1217
1217.5
1216.3
1210
1206
1206.2
1208.4
1210
1207.8
1210.8
1216.5
1216.9
1220
1223.8
1217.3
1217.2
1239.6
1230.5
1230
1235.9
1234.9
1235
1234.7
1231.3
1233.1
1230
1227.4
1230
1227.4
1227.5
1229.5
1226.2
1224.6
1220
1224.3
1221
1221.7
1227.4
1226.9
1222.1
1217.9
1218.4
1217.7
1218.2
1218.9
1220
1222.2
1216.2
1216.5
1215.8
1215
1215.9
1215.8
1210
1209.7
1214
1213.8
1210.9
1214.6
1211.9
1215
1214.9
1211
1210
1215.7
1215.6
1217.7
1223
1218
1220
1217
1217.6
1224.7
1231.8
1230
1231.5
1231
1232
1235.9
1232
1235.9
1240
1240.4
1244.1
1246.1
1240.8
1242.1
1243.1
1253.2
1253.8
1250.2
1260
1262
1262.9
1254.7
1257.7
1254.3
1258.9
1252.4
1250
1250.1
1246.7
1240.1
1240
1240.1
1241
1236
1240
1240.1
1240
1235
1238.1
1240.7
1239
1237
1239.5
1238
1239.3
1243
1246.1
1250
1244.2
1244.8
1245.5
1250
1250.1
1250
1251
1258.9
1258.4
1260
1258.4
1251.8
1255.1
1255
1245.8
1236
1230
1233.4
1233.6
1233.4
1233.6
1239.9
1235
1236.7
1233
1233.1
1234.7
1231.2
1230
1232.8
1233.1
1232.4
1231.1
1231
1232.3
1235.5
1238.5
1237.1
1237.3
1239.1
1233.3
1238.1
1235.8
1230.1
1229.9
1228.5
1231.8
1229.9
1228.6
1233.4
1227.9
1232.1
1225.9
1223.7
1217.5
1222.5
1218
1217.5
1223.3
1218.2
1223.2
1220.5
1223.2
1213
1217.7
1214.6
1213.4
1210
1218.9
1214.8
1215.7
1215.9
1215.6
1214.5
1214.4
1215
1220
1222.7
1218.3
1220.9
1218.3
1220.9
1216.8
1221.8
1218.3
1219.6
1216.1
1215.2
1215
1214.5
1215
1214.9
1213
1213.1
1214.4
1213
1211.7
1209.2
1209.1
1212
1214.5
1212.2
1215
1219.4
1219.3
1223.1
1220.2
1224
1219.4
1230.1
1230
1228.3
1234
1236.1
1228.2
1228.8
1225
1223.6
1220
1219.5
1220
1218.3
1220
1217.5
1220
1215.2
1218
1215
1214.9
1214
1212
1214
1211.1
1214
1213.9
1211
1214.8
1211
1214.7
1218.5
1217.4
1218
1209.2
1217.8
1217.5
1213.9
1215
1215.2
1216.3
1217.4
1216.9
1213.4
1211.2
1210
1214.2
1213.3
1213.9
1217.8
1219.7
1218.6
1208.3
1208.2
1212.7
1212.9
1214
1213.9
1215.9
1215.2
1213.3
1212
1213.1
1212.2
1212.3
1210.5
1213.3
1213.2
1213.9
1213.1
1213.9
1213.1
1208.3
1210
1206.6
1206.4
1213.4
1211.4
1209.5
1212
1209.5
1204.2
1210.8
1209.7
1208.9
1208.4
1210.5
1209.6
1209.4
1206.9
1210.7
1215
1214.9
1209.5
1215
1210.8
1210.6
1210.1
1211
1210.9
1214.3
1215
1214.9
1216.1
1219.6
1215
1215.4
1215.1
1214.7
1215.3
1219.9
1220
1221.2
1220.4
1220.5
1220.8
1221.3
1221
1221.3
1221
1217
1212.4
1211.9
1212.1
1210
1209.1
1205.8
1206.1
1190
1197.4
1197.3
1191.5
1199.7
1198.1
1197.9
1198.1
1195.9
1198.8
1196
1195.2
1192.1
1191.7
1195.4
1194.6
1189.1
1190
1189
1190
1193.6
1193
1191.3
1195
1193.3
1196.2
1194.4
1190
1190.3
1190.7
1191.8
1190.2
1192.9
1193
1190
1188
1185.7
1187.9
1185.7
1187.9
1187.7
1185.7
1185.4
1185
1184
1190
1188.8
1190
1222.7
1214.1
1215.8
1214.1
1215.8
1220
1215.1
1219.5
1216.4
1217
1220
1227.7
1220.9
1223.3
1221.1
1220
1219.6
1218.6
1219
1217.7
1217.6
1218
1215
1219.7
1218.9
1216.4
1216.9
1219
1221
1220.2
1219.9
1222.9
1219.7
1221.4
1220.8
1222.3
1226.1
1236.1
1239.1
1241
1241.1
1235.1
1248.9
1249.2
1249.9
1244.1
1247.1
1255
1266.8
1263
1265.9
1250.1
1240
1237.6
1230
1229.1
1229
1228
1225
1229
1227.9
1222
1221.1
1225
1226.9
1227
1226.6
1227
1227.5
1227.8
1230
1232.6
1236
1236.9
1239
1240
1242.3
1243
1242
1235
1241
1239.8
1233.2
1235
1231.9
1233
1236
1236.1
1243.4
1242
1242.6
1242.4
1240.8
1239.8
1236.7
1236.2
1236.7
1238
1236.2
1232.5
1234.1
1230
1229
1224.2
1224.3
1224
1229.3
1230
1226.2
1227
1228.4
1229.1
1229
1229.5
1229.2
1228.8
1230
1228.8
1230
1228.7
1232.8
1230.2
1230
1232.7
1232.8
1230.3
1230.4
1231.1
1230.2
1230
1234.3
1226.5
1230
1230.3
1227.3
1224
1228.1
1220
1218.9
1217.1
1219
1219.8
1219.9
1217.1
1214.4
1214.5
1217
1216.8
1217
1213.6
1210.8
1206.7
1212
1208
1205
1200
1210.2
1210.8
1211.1
1217.4
1216.3
1210.7
1210.9
1216.7
1220
1219
1214.3
1213.3
1215.9
1211.9
1210.3
1209.9
1207.4
1205.1
1205.5
1202.2
1204.9
1206.2
1203.8
1204
1203.7
1202.6
1200
1199.9
1200
1195.6
1195.3
1193.1
1195.2
1192.7
1193.1
1194.6
1198.3
1197.7
1193.1
1197
1196.9
1196.8
1196.5
1196.4
1196.5
1196.4
1196.8
1197
1199
1199.6
1194
1195.6
1196
1197.3
1196.6
1196.5
1194.1
1195.7
1199.9
1196.9
1200
1196.7
1200
1199.7
1196.7
1199.9
1192.2
1195.3
1197.5
1196.7
1195.9
1190.1
1194.7
1194
1193.5
1194.3
1195.6
1195.8
1195.2
1195.8
1195.1
1198.5
1196.5
1206.7
1206.9
1207.1
1212.6
1215.9
1215.7
1214.9
1210.9
1208.2
1210.5
1210.1
1212.1
1208.4
1204.5
1211.8
1211.2
1211.6
1209.3
1209
1209.1
1211.7
1210
1210.1
1212.3
1211.2
1209.6
1209
1209.1
1213
1213.1
1211
1211.4
1211
1211.2
1209.6
1208
1209.7
1206.9
1205.1
1206.3
1206.4
1208.6
1206.1
1206.2
1265.3
1267.5
1267.1
1267.5
1265.1
1265.2
1264.1
1262
1263
1260
1259.9
1255
1253.1
1250
1249.6
1245
1243.8
1243.9
1245
1244
1245
1247
1248
1247.9
1245.1
1242.8
1245
1243.4
1244.1
1244
1246.6
1244.4
1244.3
1246.4
1248.8
1250
1248
1249
1250
1255
1256
1253.6
1252.5
1251.3
1251
1251.4
1251.1
1250
1250.6
1250
1249.3
1245.2
1241.2
1241.4
1236.6
1241.4
1238.9
1239
1241
1239.7
1239.5
1235.6
1235
1234
1229.9
1230
1233.8
1232
1231.8
1236.2
1234.9
1236
1239.5
1239.3
1236.6
1236
1239.3
1239.1
1237.4
1240.1
1240.2
1242.4
1240
1248.2
1243.2
1243
1245.6
1242.5
1242.1
1242
1243.8
1242.2
1244
1245.7
1242.6
1242.4
1249.2
1243.4
1244.2
1244.7
1243.7
1244.1
1243
1246
1245.5
1244.2
1243
1243.2
1243
1245.5
1248.9
1248
1249
1251.7
1251.5
1253.3
1252.1
1254.5
1252
1248.5
1252.9
1250
1248.4
1249.9
1252
1251.8
1251.9
1249
1253.1
1252.5
1253.8
1254
1250.6
1250.3
1250.1
1250.9
1250.3
1250.4
1250.3
1251.3
1250
1248.8
1249.4
1249
1249.1
1249.6
1249.5
1249
1252.5
1252
1258.8
1257.9
1252.5
1256
