595.00 
596.75 
596.75 
596.75 
596.75 
596.75 
596.62 
596.76 
596.32 
596.00 
596.00 
596.00 
594.40 
594.40 
594.40 
596.05 
596.05 
596.05 
596.05 
596.05 
596.05 
596.05 
596.05 
596.05 
596.05 
596.05 
595.80 
594.05 
593.41 
593.32 
594.80 
594.90 
594.90 
594.90 
594.90 
594.90 
594.90 
594.90 
594.63 
594.61 
594.61 
593.32 
594.32 
594.32 
594.32 
592.00 
592.00 
592.00 
592.00 
592.00 
592.13 
591.95 
591.96 
591.96 
591.97 
591.77 
591.97 
591.97 
591.78 
591.78 
592.97 
592.97 
591.77 
591.33 
591.33 
591.33 
591.33 
591.33 
591.33 
591.33 
591.33 
591.43 
591.53 
591.53 
591.53 
591.53 
591.53 
591.53 
591.34 
591.34 
591.34 
592.59 
592.59 
591.05 
591.05 
592.29 
592.40 
592.40 
592.36 
592.35 
592.35 
592.35 
591.82 
591.82 
591.82 
591.82 
591.82 
591.82 
591.82 
591.82 
591.82 
591.82 
591.82 
591.82 
593.17 
593.17 
593.17 
593.17 
592.02 
592.02 
592.02 
592.02 
592.02 
592.02 
592.02 
592.20 
592.19 
592.97 
595.02 
596.00 
596.00 
596.00 
596.00 
596.00 
596.05 
596.05 
596.04 
596.04 
596.02 
596.02 
596.00 
596.00 
597.17 
595.18 
595.18 
595.18 
594.12 
594.12 
594.18 
594.18 
595.01 
595.01 
595.01 
595.00 
595.00 
595.83 
595.83 
595.01 
595.01 
595.00 
595.00 
595.00 
595.00 
595.00 
595.00 
595.00 
595.00 
595.00 
595.00 
595.00 
596.40 
596.40 
596.40 
596.40 
595.47 
595.47 
595.47 
595.47 
595.10 
595.10 
595.10 
595.10 
595.01 
595.01 
595.01 
594.89 
596.24 
596.24 
596.24 
596.25 
596.78 
596.78 
598.00 
598.00 
598.00 
598.00 
597.21 
597.32 
597.02 
597.02 
597.02 
596.91 
596.91 
596.91 
596.91 
596.91 
598.25 
598.30 
598.30 
597.00 
597.00 
597.00 
597.00 
595.91 
595.91 
595.91 
595.91 
595.91 
597.74 
597.74 
596.91 
596.91 
597.77 
597.77 
596.37 
597.00 
597.00 
595.84 
596.02 
596.02 
596.03 
597.21 
597.21 
597.62 
596.07 
596.07 
596.07 
596.08 
596.08 
597.42 
597.42 
596.93 
596.93 
596.93 
596.93 
596.93 
596.23 
596.23 
596.23 
595.83 
595.83 
595.83 
595.83 
595.83 
595.83 
595.83 
595.83 
595.83 
596.20 
596.20 
596.20 
596.20 
596.20 
595.83 
595.83 
595.83 
595.83 
595.83 
595.83 
595.83 
595.83 
595.83 
594.83 
596.02 
596.02 
596.02 
595.75 
595.75 
595.75 
595.75 
595.75 
595.24 
595.24 
595.21 
595.21 
595.19 
593.45 
592.44 
592.44 
592.20 
592.20 
592.20 
592.20 
591.93 
591.93 
591.93 
591.93 
591.93 
591.93 
591.93 
591.93 
591.93 
591.00 
590.55 
590.55 
590.55 
590.55 
590.55 
590.55 
590.55 
590.55 
590.55 
590.55 
590.55 
590.55 
590.55 
590.55 
590.55 
593.45 
593.45 
593.45 
593.45 
593.45 
593.45 
593.45 
591.53 
591.34 
591.34 
591.34 
593.20 
593.20 
593.20 
593.20 
593.18 
593.18 
592.39 
589.98 
593.12 
593.12 
593.12 
588.68 
588.68 
588.68 
589.45 
589.45 
588.33 
590.96 
589.60 
589.97 
589.97 
590.00 
590.00 
590.00 
590.02 
590.02 
590.59 
591.86 
592.00 
592.00 
592.00 
591.60 
591.60 
592.08 
592.08 
592.50 
592.50 
592.50 
592.50 
592.50 
592.50 
592.94 
593.00 
593.00 
593.00 
593.55 
595.00 
595.00 
594.23 
595.00 
594.75 
594.75 
595.77 
595.77 
595.77 
595.77 
596.98 
596.60 
597.00 
598.04 
597.94 
597.94 
597.94 
597.89 
597.89 
597.89 
596.99 
596.99 
596.34 
596.34 
596.34 
596.34 
597.35 
597.35 
597.35 
596.34 
596.33 
596.33 
596.33 
596.33 
598.00 
597.27 
597.27 
597.28 
597.28 
597.28 
597.21 
597.21 
598.01 
597.83 
597.93 
597.93 
597.93 
597.93 
598.00 
598.04 
597.98 
599.59 
599.59 
599.59 
599.59 
599.59 
600.90 
600.56 
600.56 
600.87 
600.87 
600.55 
601.00 
601.23 
601.01 
601.01 
601.01 
602.00 
601.17 
601.17 
601.17 
601.17 
602.08 
603.00 
603.00 
603.00 
603.00 
603.00 
603.00 
601.74 
601.74 
603.00 
603.00 
602.20 
602.93 
602.93 
602.93 
602.93 
603.00 
602.89 
602.91 
602.41 
602.57 
602.24 
602.24 
603.00 
603.00 
603.00 
603.07 
603.07 
603.07 
604.50 
604.50 
604.50 
605.30 
606.46 
606.36 
606.87 
606.87 
606.87 
606.88 
606.88 
606.88 
609.00 
609.00 
609.70 
609.70 
609.00 
609.07 
608.27 
608.25 
607.92 
607.92 
607.92 
607.27 
607.09 
607.09 
606.00 
605.03 
605.00 
605.23 
604.66 
604.50 
604.50 
604.32 
604.90 
604.13 
604.00 
604.00 
603.72 
603.72 
603.72 
603.71 
603.71 
603.71 
603.71 
603.72 
603.70 
603.70 
603.70 
602.88 
602.65 
603.45 
603.45 
602.81 
602.80 
602.80 
602.73 
602.23 
602.64 
602.64 
602.64 
602.64 
602.64 
602.00 
602.00 
602.35 
602.24 
602.22 
601.90 
601.90 
601.90 
602.02 
601.90 
601.90 
601.90 
601.90 
601.90 
601.90 
600.01 
598.81 
598.91 
599.95 
599.95 
599.95 
599.66 
598.00 
598.00 
598.00 
598.00 
598.36 
598.36 
598.43 
598.43 
598.50 
598.73 
598.73 
598.73 
598.73 
598.73 
598.73 
598.69 
598.69 
598.69 
598.69 
599.61 
599.08 
599.41 
599.02 
599.47 
599.30 
599.30 
598.11 
599.38 
599.38 
599.07 
599.71 
599.71 
599.00 
599.70 
598.16 
598.16 
598.16 
598.16 
598.16 
598.03 
597.93 
595.79 
595.79 
595.79 
595.79 
595.99 
597.90 
597.90 
597.79 
597.60 
597.60 
597.60 
597.60 
590.03 
596.73 
597.50 
597.50 
597.43 
597.43 
597.43 
597.43 
597.50 
597.50 
596.23 
598.91 
598.91 
598.91 
596.32 
596.32 
596.62 
596.62 
596.62 
596.62 
596.62 
596.62 
596.62 
596.62 
596.85 
596.85 
596.85 
596.85 
596.85 
598.83 
599.50 
601.72 
601.60 
604.11 
604.11 
602.00 
603.80 
603.70 
603.70 
603.70 
602.91 
602.91 
602.91 
602.91 
602.00 
602.00 
602.00 
602.28 
602.02 
602.00 
602.00 
602.89 
602.89 
602.00 
602.00 
602.00 
602.78 
602.78 
602.78 
602.00 
602.90 
602.90 
602.90 
602.90 
602.90 
602.90 
604.88 
601.00 
601.00 
601.00 
601.00 
601.00 
601.00 
601.00 
601.00 
601.00 
601.00 
601.00 
604.00 
604.00 
603.19 
603.19 
603.19 
603.00 
603.00 
603.00 
603.00 
603.00 
602.14 
602.14 
602.14 
602.14 
602.14 
602.14 
602.00 
602.00 
602.00 
602.00 
602.00 
602.00 
602.00 
602.00 
602.00 
602.00 
602.00 
602.00 
600.63 
601.53 
601.53 
601.89 
601.89 
601.89 
600.39 
600.00 
600.00 
598.97 
598.64 
598.64 
597.60 
597.60 
597.60 
599.51 
599.51 
599.51 
599.51 
599.63 
599.63 
600.00 
600.00 
601.00 
601.00 
601.00 
601.00 
601.50 
601.50 
601.50 
601.50 
601.50 
601.90 
601.90 
601.90 
601.90 
602.39 
602.39 
602.39 
602.39 
602.39 
602.39 
602.39 
602.39 
602.00 
602.00 
599.61 
599.61 
599.98 
601.00 
601.00 
601.84 
601.84 
600.62 
600.84 
600.84 
600.84 
600.84 
601.74 
601.74 
601.74 
601.74 
602.39 
602.39 
602.00 
602.00 
602.39 
602.39 
602.39 
602.39 
602.31 
602.31 
602.31 
602.31 
602.31 
602.31 
602.31 
602.31 
602.31 
602.58 
602.58 
602.58 
602.58 
602.58 
602.58 
602.58 
602.58 
602.58 
602.41 
602.41 
599.74 
599.74 
599.74 
600.01 
600.00 
599.84 
599.77 
599.77 
599.77 
599.77 
598.62 
598.62 
598.62 
598.97 
598.97 
599.01 
599.01 
599.99 
599.99 
599.99 
599.99 
599.99 
602.27 
602.27 
601.17 
601.17 
601.17 
601.17 
601.17 
601.37 
601.38 
601.38 
601.38 
601.38 
601.01 
601.01 
601.01 
602.02 
602.02 
602.02 
602.02 
602.02 
602.02 
602.02 
602.02 
600.29 
600.29 
600.29 
600.29 
600.29 
600.29 
600.29 
600.29 
600.29 
600.29 
600.29 
600.29 
600.29 
600.29 
600.29 
600.28 
600.28 
600.02 
600.02 
600.02 
600.02 
600.02 
600.02 
600.02 
600.02 
600.02 
600.02 
600.02 
600.02 
600.03 
600.02 
600.02 
600.02 
600.02 
600.02 
600.02 
600.02 
600.02 
600.02 
600.02 
600.02 
600.02 
600.02 
600.02 
600.02 
600.02 
600.02 
600.02 
600.02 
600.02 
600.02 
600.02 
600.02 
600.02 
600.01 
600.01 
600.01 
600.01 
599.96 
599.28 
599.28 
599.85 
599.85 
599.85 
599.85 
599.85 
599.85 
599.85 
599.85 
599.14 
599.14 
599.14 
599.14 
599.14 
599.14 
599.14 
599.14 
599.14 
599.14 
599.14 
599.14 
599.14 
599.14 
599.14 
599.14 
599.14 
599.14 
599.14 
599.14 
599.14 
599.14 
599.81 
599.81 
599.81 
599.81 
599.81 
599.81 
599.70 
599.03 
599.03 
599.42 
599.42 
599.42 
599.42 
599.42 
599.90 
599.90 
599.90 
599.04 
599.04 
599.04 
599.04 
599.04 
599.80 
599.80 
599.80 
599.80 
599.80 
599.80 
599.80 
599.03 
598.64 
598.64 
598.64 
598.64 
598.64 
598.63 
598.63 
598.63 
598.63 
598.63 
598.63 
598.63 
598.63 
598.63 
598.63 
599.49 
599.49 
599.50 
599.50 
599.50 
599.50 
599.50 
599.50 
599.50 
599.50 
599.50 
599.50 
599.50 
599.43 
599.43 
599.43 
599.43 
599.43 
599.43 
599.00 
599.00 
599.00 
599.00 
599.00 
599.00 
599.00 
599.00 
599.00 
599.00 
598.60 
598.60 
598.60 
598.60 
598.60 
598.60 
598.60 
598.49 
598.45 
598.45 
598.45 
598.21 
598.10 
598.10 
598.10 
598.10 
598.10 
598.13 
598.00 
598.00 
595.76 
595.73 
595.05 
595.05 
595.06 
595.06 
595.67 
595.07 
595.07 
595.00 
594.01 
594.32 
593.55 
593.55 
593.55 
593.81 
593.80 
593.00 
593.66 
593.72 
593.72 
593.72 
593.29 
593.92 
594.00 
595.55 
595.55 
595.55 
595.55 
595.55 
595.55 
595.55 
595.55 
596.59 
596.59 
598.14 
598.14 
598.14 
598.14 
598.14 
598.14 
597.87 
597.87 
597.87 
597.87 
597.74 
598.00 
598.01 
598.01 
598.00 
598.00 
597.80 
598.00 
598.01 
596.48 
598.00 
598.01 
598.01 
598.01 
598.01 
598.00 
598.00 
598.00 
598.00 
598.00 
598.00 
598.03 
598.03 
598.03 
598.00 
598.00 
597.81 
597.81 
597.81 
597.81 
596.00 
596.00 
596.00 
596.00 
596.00 
595.63 
595.63 
595.92 
595.82 
595.81 
595.81 
595.81 
595.81 
595.81 
595.81 
595.81 
595.81 
595.81 
595.81 
595.81 
595.81 
595.69 
595.48 
595.48 
595.48 
595.48 
595.48 
595.48 
595.48 
595.47 
595.47 
595.49 
595.49 
595.49 
595.49 
595.49 
595.49 
595.49 
595.58 
595.58 
595.58 
595.58 
595.56 
595.56 
595.56 
595.56 
595.90 
595.90 
596.00 
596.00 
596.00 
596.00 
595.65 
595.65 
595.65 
595.65 
595.65 
595.65 
595.65 
595.65 
595.65 
595.65 
595.65 
595.65 
595.00 
595.00 
595.00 
595.00 
595.56 
595.56 
595.56 
595.56 
595.56 
595.56 
595.56 
595.56 
595.56 
595.56 
595.56 
595.56 
595.99 
595.99 
595.99 
595.99 
595.99 
595.99 
595.99 
595.25 
595.25 
595.25 
595.25 
595.25 
594.96 
594.96 
594.96 
594.96 
594.96 
594.96 
594.99 
594.99 
594.99 
594.99 
594.99 
594.99 
594.99 
594.99 
594.99 
594.99 
594.99 
594.99 
594.97 
594.97 
594.99 
594.99 
594.99 
594.99 
594.99 
594.99 
594.99 
594.95 
594.95 
594.95 
594.55 
594.55 
594.55 
594.55 
594.55 
594.55 
594.55 
594.55 
594.55 
594.55 
594.57 
594.57 
594.57 
594.57 
594.57 
594.57 
594.57 
594.57 
594.57 
594.57 
594.57 
594.57 
594.57 
594.67 
594.67 
595.25 
594.81 
594.81 
594.81 
594.81 
594.60 
594.60 
594.88 
594.88 
594.76 
594.76 
594.76 
594.80 
594.80 
594.80 
594.76 
594.76 
594.76 
594.76 
594.60 
594.60 
594.60 
594.60 
594.60 
594.60 
594.62 
594.62 
594.62 
594.01 
594.00 
594.00 
594.00 
594.00 
593.74 
593.74 
593.74 
594.50 
594.50 
594.50 
594.50 
594.50 
594.50 
594.90 
594.90 
594.96 
594.96 
594.96 
594.96 
596.15 
596.15 
596.15 
595.20 
595.22 
595.22 
595.22 
595.22 
595.22 
596.00 
596.01 
596.01 
596.01 
596.00 
596.00 
596.00 
596.00 
596.00 
596.00 
596.00 
596.00 
596.00 
596.00 
596.01 
596.01 
596.01 
596.00 
596.00 
596.00 
596.01 
596.01 
596.01 
596.01 
596.01 
596.00 
596.00 
596.02 
596.02 
596.04 
596.04 
596.04 
596.04 
596.04 
596.04 
596.37 
596.36 
596.36 
596.61 
596.61 
596.61 
596.61 
596.61 
596.61 
596.61 
596.61 
596.61 
596.61 
596.61 
596.61 
596.51 
596.51 
596.50 
596.50 
596.72 
596.72 
596.68 
596.68 
596.68 
596.11 
596.47 
596.47 
596.47 
596.47 
596.47 
596.47 
596.47 
596.47 
596.47 
596.47 
596.47 
596.47 
596.46 
596.46 
596.07 
596.07 
596.03 
596.03 
596.04 
596.04 
596.46 
596.46 
596.46 
596.46 
596.46 
596.46 
596.46 
596.46 
596.46 
596.46 
596.46 
596.46 
596.46 
596.46 
596.46 
596.36 
596.36 
596.36 
596.36 
596.06 
596.06 
596.06 
596.32 
596.32 
596.32 
596.32 
596.46 
596.46 
596.46 
596.45 
596.45 
596.45 
596.45 
596.45 
596.45 
596.45 
596.45 
596.45 
596.49 
596.50 
596.50 
596.09 
596.00 
597.00 
597.00 
597.00 
597.00 
597.00 
597.00 
597.00 
597.00 
597.00 
597.09 
598.13 
598.13 
598.13 
598.13 
598.13 
598.13 
598.13 
598.13 
598.00 
598.00 
598.00 
598.00 
598.00 
599.90 
599.90 
599.90 
599.15 
599.15 
599.46 
599.46 
599.65 
599.65 
599.65 
599.65 
599.65 
599.65 
599.71 
599.71 
599.71 
599.71 
600.00 
599.98 
599.98 
600.00 
600.00 
599.99 
599.99 
599.99 
599.99 
599.96 
599.95 
599.13 
599.13 
599.13 
599.91 
599.91 
599.91 
599.91 
599.91 
599.91 
599.91 
599.91 
599.91 
599.84 
599.84 
599.84 
599.84 
599.84 
599.84 
599.84 
599.84 
599.84 
599.84 
599.50 
599.50 
599.50 
599.50 
599.50 
599.50 
599.50 
599.50 
599.50 
597.01 
597.01 
597.01 
597.01 
597.87 
597.87 
597.87 
597.51 
597.51 
596.63 
596.63 
596.63 
597.07 
597.07 
597.07 
597.34 
597.34 
597.34 
597.34 
597.40 
597.40 
597.40 
597.40 
597.40 
597.40 
597.40 
597.44 
597.44 
597.44 
597.61 
597.23 
597.23 
597.23 
598.91 
598.91 
598.91 
598.62 
598.30 
598.30 
598.30 
597.71 
597.69 
597.69 
597.69 
597.69 
597.69 
599.00 
600.00 
600.69 
600.67 
601.00 
601.00 
601.00 
601.00 
601.14 
602.23 
602.25 
602.13 
602.14 
602.14 
601.93 
601.93 
601.93 
601.78 
601.78 
601.78 
599.91 
599.91 
599.91 
601.54 
601.54 
601.54 
601.54 
601.54 
601.54 
602.02 
602.02 
601.90 
601.40 
602.00 
601.04 
601.03 
601.64 
601.64 
601.64 
601.69 
601.69 
601.69 
601.69 
601.69 
601.69 
601.69 
601.69 
601.69 
601.80 
603.00 
603.00 
603.00 
603.00 
604.90 
603.28 
603.28 
603.77 
603.77 
603.77 
603.77 
603.77 
603.77 
603.77 
604.77 
604.77 
604.10 
604.10 
604.80 
604.59 
605.00 
604.73 
604.73 
605.90 
605.90 
606.93 
606.43 
606.42 
605.19 
605.63 
605.63 
605.63 
605.63 
606.65 
606.65 
606.02 
606.00 
606.00 
606.00 
606.00 
606.00 
606.00 
606.00 
604.38 
604.62 
604.00 
604.08 
604.09 
604.09 
604.20 
604.21 
604.21 
604.21 
604.21 
604.21 
604.90 
604.90 
604.90 
604.90 
605.88 
605.88 
605.88 
605.88 
605.88 
605.88 
605.88 
607.00 
607.00 
607.00 
607.00 
608.00 
607.80 
606.88 
606.45 
606.58 
606.85 
606.85 
606.85 
606.85 
606.85 
609.00 
609.00 
609.49 
609.49 
609.95 
609.20 
609.20 
609.20 
609.20 
609.92 
609.20 
609.20 
609.20 
609.20 
609.20 
609.91 
609.90 
610.00 
610.00 
610.10 
610.60 
608.91 
611.48 
611.38 
611.38 
612.20 
612.76 
612.46 
612.67 
613.56 
613.56 
612.47 
612.47 
612.47 
612.47 
612.37 
612.37 
612.00 
612.37 
612.02 
612.30 
612.37 
612.37 
612.37 
613.28 
612.57 
612.57 
612.57 
614.78 
614.77 
614.77 
616.34 
617.01 
617.01 
616.61 
616.61 
616.61 
616.61 
616.61 
618.50 
616.69 
616.69 
616.69 
618.40 
618.40 
618.47 
618.40 
618.40 
615.00 
615.00 
615.00 
618.00 
617.01 
616.95 
615.01 
616.46 
614.99 
614.99 
614.57 
616.67 
614.98 
614.98 
616.40 
615.36 
615.36 
615.36 
615.36 
615.36 
615.36 
615.98 
614.84 
615.02 
615.02 
615.02 
615.02 
615.00 
615.00 
615.64 
615.93 
615.93 
615.93 
615.00 
615.00 
615.00 
615.00 
615.00 
615.00 
615.00 
615.00 
615.00 
615.00 
615.00 
614.98 
614.98 
614.98 
614.98 
614.98 
614.98 
614.98 
613.48 
613.48 
613.00 
613.00 
613.00 
613.01 
613.03 
613.03 
613.36 
613.40 
613.40 
613.75 
613.40 
613.40 
613.40 
613.40 
613.40 
613.40 
614.17 
614.17 
614.17 
614.17 
614.17 
614.17 
614.84 
614.84 
614.99 
614.99 
614.99 
614.40 
614.40 
615.00 
615.00 
615.00 
615.72 
616.00 
616.00 
616.01 
616.01 
616.01 
616.01 
616.24 
616.24 
616.98 
616.98 
616.98 
616.98 
616.98 
616.50 
616.50 
616.50 
616.50 
616.50 
616.50 
616.50 
618.90 
618.90 
617.00 
617.00 
617.00 
618.78 
618.78 
618.78 
618.80 
618.80 
617.94 
617.94 
617.94 
617.18 
617.89 
617.89 
619.00 
619.00 
619.00 
619.00 
619.00 
619.00 
619.00 
619.00 
619.00 
619.23 
619.00 
619.00 
618.66 
619.00 
619.00 
619.00 
619.00 
619.00 
619.00 
619.00 
619.00 
618.74 
618.72 
618.72 
619.44 
619.44 
619.14 
619.14 
619.14 
619.14 
619.64 
619.64 
619.64 
619.64 
619.90 
619.90 
619.95 
619.95 
619.95 
619.99 
620.88 
620.88 
620.80 
620.80 
620.80 
620.80 
620.80 
621.25 
622.00 
622.00 
622.00 
622.00 
623.00 
623.00 
624.08 
623.10 
623.10 
624.28 
624.28 
624.28 
625.00 
625.00 
625.00 
625.00 
625.00 
625.00 
624.89 
624.89 
624.89 
624.89 
624.89 
624.89 
624.89 
624.00 
624.00 
624.00 
624.00 
624.00 
624.00 
622.99 
623.00 
623.00 
623.00 
623.00 
623.00 
623.00 
624.00 
624.00 
622.99 
622.99 
622.99 
624.00 
624.00 
624.00 
624.00 
624.00 
624.00 
624.00 
624.00 
624.00 
624.00 
623.53 
623.53 
623.53 
623.53 
623.53 
623.53 
624.00 
624.00 
623.00 
624.00 
624.00 
624.00 
624.00 
623.92 
623.90 
623.90 
623.90 
623.90 
623.90 
623.89 
623.00 
623.00 
623.00 
623.00 
623.00 
621.93 
621.54 
621.54 
621.71 
622.00 
620.00 
620.00 
620.00 
620.00 
619.58 
619.58 
619.10 
618.00 
618.38 
618.38 
615.89 
616.76 
616.76 
617.00 
617.00 
617.00 
617.00 
616.87 
616.00 
616.00 
616.00 
616.00 
617.00 
617.00 
617.00 
617.00 
617.00 
617.00 
617.00 
617.00 
617.00 
617.00 
617.00 
618.70 
618.00 
618.00 
618.84 
618.84 
618.84 
619.00 
621.47 
621.47 
619.28 
620.68 
620.68 
621.87 
621.87 
621.00 
621.08 
621.08 
621.08 
621.30 
621.30 
621.20 
621.20 
621.20 
621.20 
621.20 
621.00 
621.00 
621.00 
619.89 
619.89 
619.89 
621.00 
621.00 
621.00 
621.00 
621.00 
619.93 
620.00 
620.00 
620.00 
620.00 
620.00 
620.00 
620.00 
620.00 
620.00 
621.58 
621.58 
621.58 
621.58 
621.58 
621.32 
620.02 
620.02 
620.12 
620.12 
620.12 
621.27 
621.27 
621.27 
620.12 
620.12 
620.12 
620.12 
620.12 
620.12 
620.00 
620.00 
620.00 
620.00 
619.20 
618.15 
618.15 
618.42 
618.42 
618.42 
618.02 
618.02 
618.02 
618.02 
618.02 
618.02 
618.55 
618.55 
617.00 
617.00 
616.90 
616.90 
616.90 
616.00 
616.00 
616.00 
616.00 
616.75 
616.75 
616.75 
615.00 
615.00 
615.00 
615.00 
615.00 
615.20 
615.17 
615.10 
615.10 
615.10 
615.10 
615.10 
615.10 
615.10 
615.36 
615.36 
615.36 
615.36 
615.36 
615.36 
615.36 
614.00 
614.00 
614.00 
614.01 
614.12 
614.12 
614.00 
612.90 
612.90 
612.90 
612.90 
612.90 
612.90 
612.90 
612.90 
612.90 
612.90 
612.90 
612.00 
612.00 
612.00 
612.00 
612.00 
612.00 
612.00 
612.00 
612.00 
611.00 
611.00 
611.00 
611.00 
611.00 
610.52 
610.52 
610.52 
612.51 
612.51 
612.51 
612.50 
612.50 
611.51 
611.51 
611.51 
612.81 
612.81 
612.81 
614.00 
614.00 
614.00 
614.00 
614.00 
615.15 
615.15 
613.52 
613.57 
613.57 
613.53 
613.53 
613.53 
613.51 
613.51 
613.51 
613.51 
614.93 
614.93 
613.53 
613.53 
614.00 
615.75 
616.00 
616.00 
616.00 
616.00 
616.65 
616.65 
616.65 
617.29 
617.05 
617.05 
616.83 
616.83 
616.73 
616.73 
616.73 
616.96 
616.96 
616.96 
616.96 
616.96 
616.82 
616.82 
616.82 
616.82 
616.82 
615.01 
615.01 
615.01 
615.99 
615.99 
614.01 
614.01 
614.01 
614.01 
614.01 
614.01 
614.01 
614.01 
615.67 
615.67 
615.67 
615.67 
615.67 
615.67 
615.67 
615.67 
615.67 
615.67 
615.67 
615.67 
615.67 
615.67 
615.67 
615.67 
615.67 
615.67 
615.67 
615.67 
615.67 
613.64 
613.64 
613.64 
613.64 
614.00 
613.71 
613.71 
613.71 
613.71 
613.71 
613.71 
613.80 
613.80 
613.81 
613.81 
613.98 
613.98 
613.98 
618.89 
618.89 
618.89 
618.89 
618.89 
618.89 
615.78 
615.78 
615.59 
615.59 
615.59 
615.59 
615.80 
615.80 
615.80 
615.80 
615.80 
615.70 
615.70 
615.70 
615.69 
615.69 
614.89 
614.89 
614.89 
614.81 
614.81 
614.22 
614.22 
615.47 
615.47 
615.47 
615.47 
615.75 
615.75 
615.75 
615.75 
615.54 
615.45 
615.45 
615.45 
615.45 
615.45 
615.45 
615.59 
615.59 
615.59 
615.49 
615.00 
615.00 
615.00 
615.00 
614.00 
614.00 
614.00 
613.50 
613.50 
613.50 
615.26 
615.26 
615.26 
613.20 
613.20 
613.20 
613.20 
613.20 
613.20 
613.20 
612.52 
612.52 
612.52 
612.52 
612.52 
612.50 
612.50 
612.50 
612.50 
613.42 
613.42 
612.01 
613.86 
613.86 
613.86 
613.86 
613.86 
613.52 
613.52 
613.52 
613.52 
613.52 
613.52 
613.52 
613.52 
612.16 
612.16 
612.00 
612.02 
612.02 
612.02 
612.02 
611.61 
611.64 
611.64 
611.64 
611.64 
611.64 
611.48 
611.48 
611.48 
611.48 
611.48 
611.48 
611.48 
611.47 
611.47 
611.47 
611.47 
611.47 
611.47 
611.47 
611.47 
611.47 
611.47 
611.45 
611.45 
611.45 
611.45 
611.45 
610.51 
610.51 
611.45 
611.45 
611.45 
611.45 
610.40 
610.21 
610.21 
610.21 
610.21 
610.21 
610.21 
610.21 
610.20 
610.20 
610.20 
609.28 
609.28 
609.28 
609.28 
609.00 
609.00 
608.20 
608.00 
608.00 
608.96 
608.96 
608.96 
608.96 
607.40 
607.50 
607.50 
607.50 
607.40 
607.40 
607.40 
607.40 
607.40 
607.40 
607.40 
604.99 
604.99 
604.97 
604.97 
604.97 
604.96 
604.96 
604.96 
604.96 
604.96 
604.96 
604.96 
604.96 
604.96 
604.96 
604.96 
604.96 
604.96 
604.96 
604.52 
605.00 
601.96 
601.96 
601.96 
601.96 
605.41 
601.96 
601.96 
603.81 
603.81 
603.81 
603.72 
603.72 
603.82 
603.82 
604.37 
604.37 
604.37 
602.00 
602.00 
601.97 
602.00 
602.00 
601.99 
602.00 
602.00 
601.98 
601.98 
604.17 
604.17 
604.17 
604.17 
604.17 
604.00 
603.97 
603.97 
607.30 
604.94 
604.94 
604.94 
607.55 
607.55 
603.94 
603.94 
603.94 
608.56 
608.56 
606.26 
606.26 
607.89 
607.89 
607.89 
607.89 
607.85 
607.85 
607.88 
607.88 
607.88 
607.88 
607.88 
606.62 
606.62 
606.62 
606.47 
606.47 
606.50 
606.50 
606.50 
606.47 
606.47 
606.47 
606.47 
606.47 
605.78 
605.78 
605.78 
605.50 
605.50 
605.50 
605.50 
605.50 
605.50 
605.50 
605.51 
605.00 
605.00 
605.01 
605.01 
605.00 
605.00 
605.00 
605.00 
605.00 
605.00 
605.00 
605.48 
605.46 
605.49 
605.49 
605.49 
605.49 
605.04 
605.04 
605.04 
605.04 
605.04 
605.50 
606.57 
606.57 
606.57 
606.57 
605.09 
605.50 
605.50 
605.12 
605.12 
605.12 
605.02 
605.02 
605.87 
605.20 
605.20 
605.20 
605.20 
605.20 
605.20 
605.20 
605.20 
605.20 
605.76 
605.30 
605.30 
605.30 
605.30 
605.10 
606.00 
606.00 
606.00 
606.00 
606.00 
606.00 
606.00 
605.30 
605.30 
605.30 
605.30 
605.30 
605.30 
605.87 
605.87 
605.87 
605.30 
605.30 
605.30 
605.30 
605.30 
605.30 
605.30 
605.30 
605.30 
605.30 
605.30 
605.30 
605.30 
605.30 
605.30 
605.30 
605.30 
605.30 
605.30 
605.30 
605.30 
605.30 
605.30 
605.30 
605.30 
605.30 
605.33 
605.33 
605.33 
605.33 
605.33 
605.33 
605.33 
605.33 
605.33 
605.33 
605.30 
605.30 
605.30 
605.41 
605.41 
605.41 
605.41 
605.41 
605.41 
605.41 
605.41 
605.40 
605.41 
605.41 
605.41 
605.41 
605.41 
605.02 
605.00 
605.00 
605.00 
605.00 
605.00 
605.00 
605.00 
603.22 
603.22 
602.44 
602.44 
602.44 
602.44 
604.26 
602.57 
602.57 
602.57 
602.57 
602.57 
602.29 
602.29 
601.13 
601.13 
601.13 
602.30 
602.30 
602.30 
602.30 
602.30 
602.30 
602.30 
602.30 
602.30 
602.30 
602.30 
602.30 
601.13 
601.13 
602.13 
602.13 
602.13 
601.02 
601.02 
600.71 
600.71 
600.71 
600.71 
600.71 
600.71 
600.71 
600.71 
600.71 
600.71 
601.17 
601.17 
601.14 
601.14 
601.14 
601.14 
601.14 
601.11 
601.10 
601.10 
601.10 
601.10 
601.10 
601.10 
600.30 
600.30 
600.30 
600.30 
600.30 
601.68 
601.68 
601.68 
600.01 
600.01 
600.01 
600.01 
601.11 
601.11 
601.11 
601.12 
601.01 
601.01 
601.01 
601.01 
601.01 
601.01 
601.01 
601.04 
601.13 
600.85 
602.09 
602.09 
602.09 
602.01 
601.78 
601.78 
601.78 
601.78 
601.78 
602.39 
602.39 
601.86 
601.86 
602.57 
602.57 
603.00 
603.00 
602.98 
602.98 
602.08 
602.08 
602.08 
602.08 
602.72 
602.60 
602.00 
602.00 
601.11 
601.11 
601.93 
601.93 
602.01 
602.39 
602.39 
602.39 
602.39 
602.39 
602.39 
602.79 
602.79 
602.91 
602.98 
602.96 
602.79 
602.97 
602.97 
602.91 
602.91 
602.91 
602.91 
602.91 
602.89 
602.75 
602.00 
602.00 
601.98 
601.98 
601.98 
601.98 
602.00 
602.00 
602.00 
602.00 
602.00 
602.00 
602.90 
602.90 
602.90 
603.00 
603.00 
603.00 
603.00 
603.00 
603.87 
605.40 
605.70 
605.70 
606.00 
606.45 
606.08 
606.08 
607.32 
607.21 
607.21 
607.90 
607.90 
609.23 
609.23 
609.23 
608.69 
608.32 
608.25 
608.26 
608.50 
608.50 
608.50 
608.50 
608.50 
608.50 
608.50 
607.74 
607.74 
607.57 
607.57 
607.57 
607.55 
607.55 
607.34 
608.20 
608.20 
608.20 
608.20 
608.20 
608.20 
609.05 
609.05 
609.64 
609.93 
609.64 
609.64 
609.64 
609.55 
608.50 
609.48 
609.48 
609.48 
609.63 
609.48 
609.48 
609.48 
609.48 
609.48 
609.48 
609.48 
609.48 
609.48 
609.48 
609.48 
609.48 
609.48 
609.28 
609.28 
609.27 
609.27 
609.27 
609.27 
607.40 
607.40 
607.40 
607.40 
607.40 
608.78 
608.78 
608.78 
608.78 
608.78 
608.31 
608.31 
608.31 
608.31 
608.31 
608.31 
607.29 
607.29 
607.29 
607.41 
607.41 
607.41 
607.41 
607.41 
607.41 
607.24 
607.24 
607.41 
608.00 
609.10 
609.10 
609.10 
609.10 
609.10 
609.10 
609.10 
609.10 
609.20 
609.20 
608.40 
607.46 
608.00 
608.00 
608.00 
608.00 
608.00 
608.10 
608.10 
608.10 
608.10 
608.10 
608.10 
608.10 
608.10 
608.10 
608.10 
608.10 
608.50 
608.50 
608.50 
608.50 
608.50 
608.50 
608.00 
608.00 
608.00 
608.00 
608.00 
606.12 
606.12 
606.12 
606.12 
606.36 
606.36 
606.36 
606.36 
606.36 
606.36 
605.76 
605.76 
605.76 
605.76 
605.76 
606.37 
607.48 
607.48 
607.48 
607.48 
606.11 
606.11 
606.11 
606.11 
606.11 
606.11 
606.11 
606.24 
606.24 
606.24 
606.24 
606.22 
606.22 
606.22 
606.01 
606.01 
606.01 
606.86 
606.86 
606.86 
606.86 
606.86 
606.01 
606.01 
606.01 
606.01 
606.01 
606.17 
606.17 
606.17 
607.15 
607.15 
607.15 
608.50 
608.50 
608.20 
608.20 
608.15 
608.22 
608.42 
607.12 
607.12 
607.12 
607.12 
607.12 
607.50 
607.50 
607.98 
607.10 
606.30 
606.30 
606.30 
606.30 
606.30 
606.30 
605.94 
605.94 
606.30 
606.30 
606.30 
606.30 
606.30 
606.30 
606.30 
606.30 
606.30 
606.30 
606.00 
606.00 
605.50 
606.00 
606.00 
605.62 
605.62 
605.62 
605.62 
604.09 
604.09 
604.09 
604.09 
604.00 
604.00 
604.48 
604.48 
605.30 
605.30 
605.30 
605.29 
605.29 
606.87 
606.87 
606.29 
606.29 
606.29 
606.29 
606.29 
606.29 
606.29 
606.29 
606.29 
606.29 
606.29 
606.29 
606.29 
606.29 
606.29 
606.29 
606.29 
601.73 
605.88 
605.88 
605.57 
605.57 
605.20 
603.94 
607.09 
607.09 
607.08 
607.08 
607.05 
606.92 
606.26 
606.26 
606.26 
606.26 
606.26 
606.26 
605.50 
605.50 
605.50 
605.50 
605.50 
605.50 
605.50 
605.50 
605.50 
605.50 
605.50 
605.50 
605.50 
606.80 
606.80 
606.80 
605.56 
605.56 
605.56 
605.56 
605.56 
604.67 
606.73 
606.73 
606.73 
606.73 
606.56 
608.48 
608.33 
608.33 
608.33 
608.33 
608.33 
608.33 
608.33 
608.33 
607.97 
607.97 
607.97 
607.97 
607.97 
607.37 
606.72 
606.72 
606.72 
606.72 
607.53 
607.53 
607.53 
607.53 
607.53 
607.88 
607.89 
607.89 
607.90 
607.90 
607.90 
607.90 
607.90 
607.90 
607.90 
607.90 
607.90 
608.46 
608.46 
609.10 
609.10 
608.43 
607.18 
607.18 
607.18 
607.18 
607.18 
608.48 
608.48 
608.50 
608.50 
608.50 
608.50 
608.50 
608.50 
608.50 
608.94 
608.94 
609.70 
609.70 
608.20 
608.20 
609.02 
609.02 
609.02 
609.02 
609.02 
609.02 
609.70 
610.01 
610.15 
610.15 
610.70 
610.70 
610.70 
612.00 
612.00 
612.08 
612.08 
612.08 
612.08 
612.08 
613.08 
613.08 
613.08 
613.01 
613.00 
613.01 
613.01 
613.51 
613.99 
613.99 
613.99 
613.00 
613.00 
613.00 
613.00 
613.00 
613.00 
613.00 
613.00 
613.00 
613.00 
613.00 
613.00 
613.00 
612.52 
612.52 
612.52 
612.52 
612.52 
612.52 
613.00 
613.00 
613.03 
613.03 
613.11 
613.01 
613.00 
613.00 
613.00 
613.00 
613.85 
613.85 
613.73 
613.73 
613.73 
613.00 
613.00 
613.01 
613.01 
613.70 
613.68 
613.68 
613.68 
613.68 
613.68 
613.07 
613.07 
613.07 
613.07 
613.07 
613.08 
613.08 
613.08 
613.08 
613.08 
613.08 
613.08 
613.01 
613.01 
613.00 
613.00 
613.34 
611.17 
611.17 
611.17 
611.17 
613.06 
613.06 
613.06 
613.06 
613.06 
613.06 
613.06 
613.06 
613.06 
613.06 
613.06 
613.06 
613.06 
613.06 
613.06 
613.06 
611.51 
611.51 
611.51 
611.51 
610.18 
611.64 
611.64 
611.64 
611.64 
611.64 
611.64 
611.64 
611.64 
611.61 
611.61 
610.00 
610.00 
610.00 
610.00 
609.69 
609.69 
609.69 
609.13 
609.13 
609.13 
609.13 
609.13 
611.04 
611.04 
611.04 
611.04 
611.04 
611.04 
611.04 
611.04 
611.04 
611.21 
611.21 
611.21 
611.20 
611.00 
611.00 
611.00 
611.00 
611.00 
611.00 
611.00 
611.00 
611.46 
611.46 
611.46 
611.46 
611.46 
611.46 
611.46 
609.66 
609.66 
609.66 
611.04 
611.04 
611.04 
611.04 
611.04 
611.04 
611.04 
610.27 
611.00 
611.00 
611.00 
610.44 
610.44 
610.44 
610.44 
610.44 
610.44 
609.51 
609.51 
609.51 
609.51 
609.51 
609.51 
609.51 
609.51 
609.51 
609.90 
609.90 
609.90 
610.00 
610.00 
610.00 
610.00 
610.00 
610.00 
610.00 
610.00 
610.00 
610.00 
610.00 
610.00 
610.00 
610.00 
610.00 
610.00 
610.00 
610.00 
610.00 
610.00 
610.00 
610.00 
610.00 
610.00 
610.00 
610.00 
610.10 
610.10 
610.10 
610.10 
610.10 
610.07 
610.07 
610.07 
610.07 
610.49 
610.49 
610.49 
610.49 
610.49 
610.00 
610.00 
610.00 
610.46 
610.46 
610.46 
610.46 
610.46 
610.46 
610.46 
610.46 
610.46 
610.46 
610.46 
610.48 
610.48 
610.48 
611.00 
611.00 
611.00 
611.00 
611.00 
611.00 
611.00 
611.00 
612.29 
612.25 
612.25 
612.25 
612.25 
612.17 
612.96 
612.96 
613.00 
613.00 
611.07 
611.07 
611.07 
611.07 
611.91 
611.91 
611.89 
611.89 
611.00 
611.00 
611.00 
610.07 
608.68 
608.68 
608.68 
608.68 
608.68 
608.68 
609.47 
609.00 
609.00 
608.00 
608.00 
608.00 
608.00 
608.00 
608.09 
608.09 
608.00 
607.97 
607.97 
607.90 
606.53 
606.00 
607.68 
607.99 
608.00 
609.83 
609.83 
611.07 
610.02 
609.25 
610.48 
610.48 
609.10 
609.10 
609.10 
609.10 
609.10 
609.10 
607.88 
606.64 
606.64 
606.64 
606.64 
606.64 
606.64 
607.84 
607.84 
607.84 
607.84 
606.35 
606.35 
607.54 
607.54 
610.31 
610.31 
610.31 
607.64 
607.65 
607.65 
607.65 
607.65 
607.65 
607.65 
614.90 
609.74 
609.74 
609.74 
608.65 
608.65 
608.88 
608.88 
609.07 
609.07 
609.07 
609.61 
609.07 
609.07 
609.07 
609.00 
609.00 
609.00 
609.00 
609.00 
609.00 
609.00 
609.00 
609.69 
609.69 
609.69 
610.00 
610.00 
609.74 
609.74 
609.74 
609.74 
609.74 
609.74 
609.74 
609.74 
609.74 
609.74 
609.74 
609.74 
609.74 
609.93 
609.93 
609.93 
609.93 
609.93 
609.93 
609.93 
609.93 
609.93 
614.71 
611.00 
613.85 
616.99 
615.21 
614.00 
614.03 
614.68 
613.85 
614.82 
614.03 
613.85 
613.50 
613.50 
613.57 
613.57 
613.57 
614.40 
614.40 
616.24 
616.24 
615.88 
614.21 
614.21 
614.21 
614.62 
613.80 
613.80 
613.80 
613.80 
613.74 
613.74 
613.88 
613.88 
613.88 
613.88 
613.81 
613.81 
613.81 
613.81 
613.81 
613.81 
613.81 
613.81 
613.81 
613.81 
613.81 
613.81 
613.81 
613.81 
613.81 
612.92 
612.00 
612.00 
612.00 
612.00 
612.00 
612.00 
612.00 
612.00 
612.01 
612.01 
612.01 
612.01 
612.01 
612.01 
612.01 
612.01 
612.01 
612.01 
612.01 
612.94 
612.94 
613.00 
615.00 
615.00 
615.00 
615.00 
615.00 
615.00 
615.00 
615.00 
615.00 
615.00 
615.00 
615.00 
615.00 
615.00 
615.00 
615.35 
613.32 
613.32 
615.16 
615.16 
615.16 
615.16 
614.99 
614.99 
614.98 
614.98 
614.78 
614.75 
614.75 
614.00 
614.00 
614.00 
614.00 
614.00 
614.00 
614.00 
614.00 
614.00 
614.00 
614.00 
614.00 
614.00 
614.00 
614.00 
614.00 
614.00 
614.00 
614.00 
614.00 
614.00 
613.99 
614.00 
614.00 
614.00 
614.00 
614.00 
614.00 
614.00 
614.00 
614.00 
614.00 
614.00 
614.00 
614.00 
613.60 
613.60 
613.60 
613.60 
613.60 
614.00 
613.38 
613.99 
613.99 
613.99 
613.99 
614.00 
614.00 
614.00 
614.00 
615.00 
615.00 
615.00 
615.00 
615.00 
615.00 
615.00 
614.60 
614.60 
615.00 
615.00 
615.00 
615.00 
615.00 
615.00 
615.00 
614.17 
614.17 
614.08 
614.08 
615.00 
615.00 
615.00 
615.00 
615.00 
615.00 
615.00 
616.00 
616.00 
616.00 
614.65 
614.08 
615.00 
615.00 
615.00 
615.00 
615.00 
615.00 
615.00 
615.00 
615.95 
615.95 
615.87 
615.87 
615.87 
615.08 
615.08 
615.00 
615.00 
615.66 
615.66 
615.66 
615.66 
615.66 
615.17 
615.01 
615.59 
615.59 
615.59 
615.59 
615.00 
614.26 
614.26 
614.26 
614.26 
615.55 
615.55 
615.55 
615.55 
615.55 
615.55 
615.55 
615.55 
615.34 
615.34 
614.06 
614.01 
614.01 
614.01 
614.01 
614.01 
614.01 
613.31 
612.07 
614.00 
614.00 
614.00 
614.00 
613.99 
613.99 
613.99 
613.99 
614.00 
614.00 
614.00 
614.00 
614.00 
614.00 
614.00 
614.00 
614.00 
614.00 
614.00 
614.00 
614.00 
616.66 
615.31 
615.31 
615.31 
615.72 
615.72 
616.39 
616.39 
616.33 
616.33 
616.33 
616.33 
616.33 
616.31 
616.31 
616.31 
616.31 
616.31 
616.87 
616.87 
616.31 
615.33 
615.33 
615.33 
615.34 
615.34 
614.89 
614.89 
614.89 
616.81 
615.37 
615.37 
616.76 
616.76 
616.76 
617.94 
618.00 
618.00 
618.00 
614.95 
614.95 
614.95 
614.95 
614.95 
614.95 
615.00 
614.89 
614.91 
614.91 
614.91 
614.89 
614.89 
614.89 
614.89 
614.80 
614.80 
614.80 
614.80 
614.80 
614.80 
614.80 
614.50 
614.50 
614.50 
615.37 
615.37 
613.26 
613.26 
613.26 
613.26 
612.27 
612.27 
612.27 
612.23 
612.49 
612.49 
612.49 
612.49 
612.59 
612.59 
613.95 
613.95 
612.15 
612.15 
612.15 
612.15 
612.15 
612.15 
612.15 
612.15 
612.15 
612.15 
612.15 
612.15 
612.15 
612.15 
612.15 
612.15 
612.20 
612.20 
612.20 
612.20 
612.20 
612.20 
612.20 
612.20 
612.20 
612.20 
612.20 
612.20 
612.00 
612.00 
612.00 
612.00 
612.00 
610.70 
610.18 
610.81 
613.30 
613.30 
613.95 
614.00 
614.01 
614.01 
614.56 
614.90 
614.90 
614.90 
614.90 
614.90 
614.90 
614.90 
614.71 
614.87 
614.87 
614.84 
614.94 
614.94 
614.94 
614.94 
614.94 
614.94 
613.61 
613.61 
614.33 
615.00 
615.00 
615.00 
614.99 
614.99 
614.96 
614.96 
614.96 
614.82 
615.00 
615.00 
615.00 
615.00 
615.00 
615.00 
615.00 
615.00 
615.00 
615.00 
615.00 
614.92 
614.92 
614.92 
614.92 
614.92 
614.92 
614.92 
614.92 
614.92 
613.52 
613.52 
613.52 
613.52 
613.52 
613.52 
613.52 
613.55 
613.55 
613.55 
613.55 
613.55 
613.55 
613.55 
613.55 
613.55 
613.60 
613.60 
613.60 
613.60 
613.60 
613.60 
613.60 
613.60 
614.99 
615.00 
614.52 
614.52 
614.52 
614.13 
614.13 
614.00 
614.13 
614.00 
614.00 
614.00 
614.00 
614.00 
614.00 
614.00 
614.00 
613.00 
613.73 
613.99 
613.99 
613.99 
614.00 
613.00 
613.00 
613.00 
613.00 
613.00 
613.00 
613.00 
612.86 
612.00 
612.00 
612.00 
612.00 
612.00 
612.00 
612.01 
612.01 
612.01 
612.01 
612.01 
612.01 
612.01 
612.01 
612.01 
612.01 
612.01 
612.01 
612.01 
612.01 
612.01 
612.00 
612.00 
611.09 
611.09 
611.09 
611.09 
611.09 
611.10 
611.10 
611.10 
610.73 
610.73 
610.73 
612.00 
612.00 
611.02 
611.47 
611.47 
612.31 
612.31 
612.31 
612.31 
612.09 
612.02 
612.02 
612.02 
612.02 
612.02 
612.02 
611.00 
611.00 
611.00 
611.00 
611.00 
611.00 
611.00 
611.00 
612.52 
612.52 
611.00 
609.99 
609.99 
609.99 
609.97 
609.97 
609.99 
609.99 
609.99 
609.99 
609.99 
609.99 
609.99 
609.99 
609.99 
609.99 
609.99 
610.00 
610.00 
610.00 
610.00 
610.52 
610.00 
610.00 
610.00 
610.00 
610.00 
610.00 
610.40 
610.40 
610.40 
610.40 
610.00 
610.00 
610.20 
610.20 
610.20 
609.80 
609.36 
609.36 
608.00 
605.89 
609.00 
608.40 
608.99 
608.29 
607.71 
607.71 
607.71 
607.87 
607.87 
607.80 
607.80 
607.80 
607.87 
608.00 
608.00 
608.00 
608.00 
608.00 
608.30 
608.30 
608.30 
608.30 
608.30 
608.30 
608.30 
608.40 
608.40 
608.40 
607.24 
607.24 
607.24 
605.56 
605.56 
608.26 
608.26 
608.20 
608.20 
608.20 
607.09 
607.09 
607.66 
607.66 
607.49 
607.49 
607.56 
607.56 
607.56 
607.75 
607.99 
607.99 
607.99 
607.99 
606.45 
606.45 
607.94 
607.99 
607.98 
607.98 
607.98 
607.98 
607.98 
607.98 
607.98 
607.98 
607.98 
607.98 
607.74 
607.81 
607.81 
607.81 
607.81 
607.81 
607.81 
607.81 
607.81 
607.11 
607.11 
607.79 
607.79 
607.79 
607.78 
607.77 
607.75 
608.00 
608.00 
608.00 
608.00 
608.00 
608.00 
608.00 
608.00 
608.00 
608.00 
608.00 
608.00 
608.00 
608.00 
608.00 
608.00 
608.00 
608.00 
608.00 
607.60 
608.40 
608.40 
608.40 
608.40 
608.40 
608.46 
608.46 
608.90 
608.90 
608.90 
609.00 
609.90 
609.90 
609.90 
609.90 
609.90 
610.39 
611.21 
611.23 
614.50 
614.50 
612.74 
612.74 
612.74 
612.74 
613.26 
613.26 
613.26 
613.26 
613.26 
611.08 
611.08 
611.74 
611.74 
611.74 
611.74 
611.74 
611.74 
612.61 
612.62 
612.62 
612.62 
612.62 
611.59 
612.59 
612.59 
612.59 
612.71 
613.49 
613.49 
613.10 
613.10 
613.09 
613.48 
613.48 
613.48 
613.48 
613.48 
613.48 
613.48 
613.48 
613.60 
613.60 
613.62 
612.81 
613.62 
613.62 
614.06 
614.06 
614.06 
614.06 
614.00 
614.00 
614.00 
614.00 
614.00 
614.00 
613.92 
613.92 
614.45 
614.45 
614.45 
614.34 
614.34 
614.34 
614.34 
615.68 
615.91 
615.91 
616.00 
616.00 
616.00 
616.00 
616.00 
615.80 
616.00 
616.00 
616.80 
616.80 
616.80 
616.80 
616.80 
616.80 
616.80 
616.80 
616.80 
616.80 
616.80 
617.93 
617.92 
616.81 
616.81 
616.81 
617.93 
617.93 
617.32 
618.00 
617.90 
617.90 
618.00 
618.00 
617.90 
617.90 
617.90 
617.90 
617.90 
617.90 
617.99 
617.90 
617.90 
617.00 
617.00 
617.00 
617.00 
617.91 
617.91 
617.91 
617.73 
617.62 
617.62 
617.62 
617.62 
617.62 
617.62 
617.62 
617.62 
616.38 
616.38 
618.00 
618.00 
618.00 
616.99 
617.00 
617.00 
617.51 
617.51 
617.51 
617.51 
617.51 
616.92 
616.92 
616.92 
616.92 
616.92 
616.92 
617.00 
617.00 
617.00 
617.00 
617.00 
617.00 
617.00 
617.50 
617.50 
617.99 
618.00 
618.00 
618.00 
618.00 
618.00 
618.00 
618.00 
618.00 
619.13 
619.00 
619.65 
620.00 
620.00 
619.00 
619.00 
620.00 
620.00 
620.00 
620.00 
622.00 
622.00 
622.00 
623.00 
623.00 
621.79 
622.00 
622.00 
622.00 
621.52 
621.11 
621.11 
620.14 
618.39 
619.90 
619.88 
619.88 
619.47 
618.54 
618.54 
618.54 
619.82 
619.70 
619.70 
619.88 
620.00 
620.00 
620.00 
620.52 
620.52 
620.99 
620.99 
620.98 
620.99 
621.00 
621.00 
620.96 
621.44 
621.44 
620.96 
621.43 
621.43 
621.80 
621.78 
621.44 
621.78 
621.78 
621.86 
621.86 
621.70 
621.70 
621.70 
621.69 
621.69 
621.69 
621.69 
621.87 
621.87 
621.71 
621.40 
621.86 
621.86 
621.86 
621.72 
621.72 
621.72 
621.65 
620.00 
619.86 
619.86 
619.99 
619.97 
619.97 
619.97 
618.44 
618.44 
618.44 
619.25 
619.25 
618.28 
618.28 
618.29 
618.29 
618.29 
618.29 
618.28 
618.28 
618.28 
619.61 
618.29 
618.29 
619.47 
619.45 
619.45 
619.45 
619.45 
618.28 
618.28 
618.61 
618.89 
619.50 
619.50 
619.50 
619.50 
619.49 
618.00 
618.00 
618.47 
618.47 
618.47 
618.50 
618.50 
618.50 
618.95 
618.95 
618.95 
618.79 
618.79 
618.79 
618.79 
618.79 
618.79 
617.99 
617.98 
617.98 
618.10 
618.42 
618.00 
618.00 
618.40 
618.40 
618.40 
618.40 
618.00 
618.00 
618.80 
618.80 
618.80 
618.80 
618.80 
618.80 
618.80 
618.80 
618.80 
618.07 
618.07 
618.07 
618.00 
618.00 
618.00 
618.00 
618.00 
618.00 
618.00 
618.00 
618.00 
618.00 
618.04 
618.04 
618.04 
618.04 
618.04 
618.04 
618.68 
618.60 
617.93 
617.93 
618.72 
618.72 
618.72 
618.58 
618.58 
618.00 
618.00 
617.99 
617.99 
617.99 
617.99 
617.99 
617.99 
617.92 
617.61 
617.61 
617.61 
617.61 
617.81 
617.45 
617.46 
617.41 
617.40 
617.46 
617.39 
617.39 
617.39 
617.40 
617.38 
617.38 
617.40 
617.40 
617.24 
617.24 
617.24 
617.24 
617.24 
617.25 
617.25 
617.21 
617.12 
617.12 
616.79 
616.80 
616.75 
616.68 
616.68 
616.68 
616.68 
616.68 
616.98 
616.69 
616.69 
616.69 
616.69 
616.69 
616.69 
616.69 
616.69 
616.41 
616.40 
616.40 
616.40 
616.39 
616.23 
616.10 
616.14 
616.14 
616.13 
616.06 
616.97 
616.97 
616.87 
616.90 
616.13 
616.13 
616.90 
617.00 
617.00 
617.00 
617.00 
617.00 
618.38 
619.00 
619.00 
618.61 
619.00 
620.00 
620.00 
620.00 
620.45 
619.50 
620.00 
619.93 
619.08 
619.11 
619.93 
619.60 
619.62 
619.62 
619.62 
621.10 
621.10 
621.10 
621.10 
620.00 
620.00 
620.00 
620.55 
620.00 
620.00 
620.00 
620.00 
620.00 
620.00 
619.59 
619.59 
619.59 
619.59 
619.65 
619.65 
619.59 
619.59 
619.59 
619.59 
619.59 
619.59 
621.01 
621.01 
619.99 
619.99 
619.91 
619.91 
619.92 
619.99 
622.98 
622.98 
621.77 
622.41 
622.41 
622.57 
622.53 
622.53 
623.50 
623.50 
623.50 
623.49 
623.50 
626.00 
626.00 
626.04 
626.04 
624.68 
624.60 
624.51 
624.51 
625.66 
625.64 
625.64 
625.64 
625.80 
625.87 
625.87 
625.69 
625.69 
625.70 
625.70 
628.83 
627.80 
629.00 
629.05 
629.05 
629.42 
628.80 
628.13 
628.13 
629.41 
629.02 
628.20 
628.00 
628.00 
628.00 
628.10 
628.19 
628.00 
628.00 
628.83 
628.80 
628.80 
628.20 
628.09 
628.10 
628.00 
628.01 
628.00 
628.09 
627.81 
628.09 
628.09 
628.09 
628.00 
628.20 
628.20 
628.20 
629.18 
629.00 
629.00 
629.00 
629.21 
629.90 
629.90 
629.20 
631.55 
632.11 
631.87 
634.79 
634.82 
635.80 
637.00 
637.74 
637.01 
635.47 
636.00 
637.34 
636.06 
636.07 
636.27 
635.44 
635.00 
634.79 
634.72 
634.99 
635.00 
635.91 
634.71 
634.71 
633.22 
633.14 
632.11 
631.87 
631.87 
631.91 
633.00 
633.00 
632.00 
632.00 
631.89 
631.37 
631.37 
631.37 
632.00 
632.00 
632.00 
634.90 
635.00 
634.00 
635.01 
635.01 
635.72 
635.00 
635.00 
635.00 
635.00 
635.00 
635.00 
635.91 
635.00 
634.92 
634.92 
634.92 
634.92 
633.13 
633.13 
633.13 
633.13 
632.02 
632.02 
632.02 
632.46 
630.00 
629.80 
630.00 
629.93 
629.27 
629.27 
629.00 
629.01 
629.00 
629.00 
628.70 
628.70 
629.93 
629.91 
629.91 
629.98 
628.70 
628.88 
628.90 
628.90 
628.98 
628.98 
630.26 
630.26 
629.71 
630.66 
630.30 
630.94 
630.90 
629.72 
629.72 
630.81 
630.81 
630.00 
629.50 
629.50 
629.50 
629.86 
630.00 
630.00 
629.86 
631.19 
631.19 
631.19 
631.19 
631.18 
630.50 
631.35 
631.35 
632.11 
632.11 
631.77 
630.40 
630.40 
631.17 
631.17 
631.52 
631.52 
631.52 
630.99 
630.98 
630.40 
630.50 
630.50 
630.50 
630.40 
630.97 
630.11 
630.32 
630.32 
630.32 
630.32 
630.32 
630.41 
630.41 
630.41 
630.64 
630.64 
630.74 
630.74 
630.74 
630.74 
630.79 
630.79 
630.79 
630.79 
630.83 
630.82 
630.82 
630.42 
630.42 
630.42 
630.81 
630.52 
630.52 
630.52 
630.52 
630.52 
630.52 
630.29 
630.40 
630.92 
630.30 
630.30 
630.30 
630.30 
630.30 
630.12 
630.12 
630.40 
630.40 
630.19 
630.19 
630.19 
630.70 
630.70 
630.20 
630.20 
630.20 
630.20 
630.20 
630.30 
630.37 
630.37 
630.37 
630.37 
630.37 
630.37 
631.23 
631.23 
631.01 
631.01 
631.01 
631.24 
631.01 
631.01 
631.01 
631.01 
631.47 
631.47 
631.47 
631.47 
631.47 
631.47 
631.00 
631.00 
631.00 
630.73 
630.73 
630.89 
630.89 
630.20 
630.20 
630.20 
630.20 
630.20 
630.20 
630.20 
630.20 
630.86 
630.90 
630.90 
630.90 
630.90 
630.90 
630.90 
630.90 
630.90 
630.90 
630.90 
630.90 
631.76 
631.76 
633.48 
633.48 
633.46 
633.46 
633.00 
633.00 
633.00 
635.00 
635.00 
635.00 
637.00 
633.10 
637.41 
637.00 
637.00 
638.00 
637.98 
637.98 
637.99 
637.99 
637.57 
637.49 
637.49 
636.70 
636.70 
636.70 
636.60 
636.60 
637.00 
636.54 
636.65 
636.65 
636.65 
636.65 
637.85 
637.85 
637.85 
637.92 
637.91 
637.91 
637.91 
637.91 
637.00 
637.00 
634.21 
634.21 
635.52 
636.73 
636.73 
636.73 
636.97 
636.97 
636.02 
634.43 
635.79 
635.79 
634.98 
634.95 
634.97 
634.51 
634.51 
634.83 
634.50 
634.50 
634.50 
634.50 
634.50 
635.00 
635.00 
635.00 
636.39 
635.47 
635.47 
635.47 
635.99 
635.99 
635.99 
635.65 
635.65 
635.89 
637.01 
637.20 
637.21 
637.21 
637.21 
637.21 
636.37 
636.37 
636.37 
637.00 
637.31 
636.09 
637.33 
637.33 
637.33 
637.40 
637.49 
636.10 
636.00 
636.10 
636.39 
634.99 
634.99 
634.99 
635.64 
635.64 
634.97 
635.53 
634.98 
634.98 
634.98 
634.96 
634.85 
634.85 
634.25 
634.43 
635.00 
635.00 
634.85 
634.56 
634.57 
634.66 
634.25 
634.69 
634.69 
634.68 
634.68 
634.27 
634.58 
634.40 
634.41 
635.45 
635.45 
635.45 
635.37 
635.37 
636.34 
636.34 
636.34 
636.16 
635.28 
635.28 
635.28 
635.25 
635.25 
635.25 
635.30 
635.30 
634.20 
633.92 
633.93 
634.00 
634.00 
634.00 
634.81 
634.81 
635.00 
635.17 
635.17 
635.17 
635.17 
635.99 
635.01 
635.01 
635.01 
635.01 
635.01 
635.01 
635.01 
634.00 
634.00 
634.00 
634.00 
634.00 
634.88 
634.88 
634.88 
634.10 
633.00 
633.00 
633.00 
633.00 
633.00 
