298.45 
298.45 
298.49 
298.49 
298.49 
298.21 
298.21 
298.21 
298.21 
298.21 
298.21 
298.21 
298.21 
298.21 
298.21 
298.21 
298.21 
298.21 
298.09 
298.09 
298.09 
298.09 
298.01 
298.16 
298.16 
298.50 
298.50 
298.50 
298.50 
298.50 
299.00 
299.00 
299.00 
299.00 
299.00 
299.00 
299.00 
299.00 
299.00 
299.01 
299.00 
299.00 
299.00 
299.00 
299.00 
299.00 
299.00 
299.00 
299.00 
298.60 
298.60 
298.52 
298.58 
298.58 
298.58 
298.86 
298.86 
298.86 
298.67 
298.67 
298.46 
298.46 
298.80 
298.80 
298.44 
298.44 
298.96 
298.96 
298.96 
298.96 
298.96 
298.95 
298.95 
298.50 
298.47 
298.66 
298.66 
298.66 
298.66 
298.66 
298.66 
298.66 
298.66 
298.66 
298.66 
298.66 
298.49 
298.49 
298.49 
298.49 
298.49 
298.49 
298.49 
298.49 
298.49 
298.46 
298.46 
298.46 
298.46 
298.46 
298.46 
298.46 
298.46 
298.46 
298.29 
298.29 
298.29 
298.21 
298.21 
298.21 
298.21 
298.21 
298.21 
298.21 
298.21 
298.27 
298.27 
298.27 
298.37 
298.33 
298.31 
298.31 
298.35 
298.05 
298.05 
298.05 
298.05 
298.05 
298.05 
298.05 
298.25 
298.25 
298.25 
298.25 
298.25 
298.25 
298.11 
298.11 
298.11 
298.05 
298.05 
298.07 
298.07 
298.28 
298.28 
298.12 
298.12 
298.12 
298.12 
298.12 
298.12 
298.25 
298.25 
298.39 
298.39 
298.39 
298.39 
298.11 
298.11 
298.11 
298.11 
298.11 
298.39 
298.15 
298.15 
298.15 
298.16 
298.16 
298.15 
298.15 
298.14 
298.14 
298.14 
298.14 
298.30 
298.30 
298.30 
298.30 
298.30 
298.04 
298.04 
298.04 
298.04 
298.04 
298.04 
298.04 
298.05 
298.05 
298.05 
298.05 
298.26 
298.26 
298.02 
298.02 
298.26 
298.26 
298.26 
298.23 
298.00 
298.00 
298.00 
298.00 
298.00 
298.00 
298.12 
298.06 
298.06 
298.06 
298.06 
298.25 
297.77 
297.77 
297.77 
297.77 
297.77 
297.77 
297.77 
297.78 
297.94 
297.95 
298.01 
298.01 
298.01 
298.25 
298.25 
298.24 
298.24 
298.24 
298.27 
298.27 
298.27 
298.27 
298.30 
298.30 
298.30 
298.30 
298.30 
298.30 
298.30 
298.30 
298.30 
298.30 
298.30 
298.30 
298.30 
298.30 
298.30 
298.30 
298.30 
298.30 
298.30 
298.05 
298.26 
298.26 
298.26 
298.26 
298.26 
298.26 
298.26 
298.26 
298.26 
298.29 
298.29 
298.22 
298.22 
298.22 
298.17 
298.17 
298.15 
298.27 
298.23 
298.01 
298.01 
298.01 
298.01 
298.22 
298.20 
298.20 
297.98 
297.98 
298.22 
298.22 
298.22 
298.01 
298.01 
297.95 
297.95 
297.95 
297.95 
297.95 
297.95 
297.95 
297.95 
297.95 
297.95 
297.92 
297.92 
297.92 
297.92 
297.92 
297.93 
297.93 
297.93 
298.20 
298.23 
298.03 
298.03 
298.03 
298.03 
298.03 
298.23 
298.23 
298.29 
298.29 
298.23 
298.24 
298.24 
298.24 
298.24 
298.24 
298.24 
298.26 
298.25 
298.30 
298.30 
298.30 
298.30 
298.30 
298.30 
298.30 
298.30 
298.30 
298.30 
298.25 
298.25 
298.25 
298.25 
298.25 
298.02 
298.02 
298.02 
298.02 
298.02 
298.30 
298.30 
298.30 
298.30 
298.30 
298.30 
298.30 
298.30 
298.30 
298.29 
298.30 
298.30 
298.30 
298.30 
298.30 
298.30 
298.30 
298.30 
298.29 
298.29 
298.29 
298.30 
298.30 
298.30 
298.29 
298.30 
298.30 
298.30 
298.29 
298.29 
298.29 
298.29 
298.29 
298.30 
298.30 
298.69 
298.70 
298.51 
298.51 
298.51 
298.83 
298.80 
298.80 
298.80 
298.76 
298.76 
298.76 
298.76 
298.76 
298.76 
298.76 
298.76 
298.76 
298.76 
298.76 
298.63 
298.63 
298.63 
298.63 
298.26 
298.26 
298.26 
298.26 
298.26 
297.96 
297.96 
297.96 
297.99 
297.99 
297.99 
298.04 
298.04 
298.04 
298.24 
298.20 
298.20 
298.20 
298.20 
298.20 
298.16 
298.25 
298.45 
298.38 
298.38 
298.38 
298.38 
298.36 
298.47 
298.17 
298.49 
298.49 
298.49 
298.74 
298.74 
298.74 
298.71 
298.71 
298.71 
298.60 
298.54 
298.54 
298.54 
298.54 
298.54 
298.54 
298.57 
298.57 
298.54 
298.54 
298.54 
298.68 
298.68 
298.68 
298.41 
298.41 
298.41 
298.49 
298.49 
298.49 
298.49 
298.49 
298.49 
298.49 
298.49 
298.49 
298.49 
298.19 
298.22 
297.86 
298.32 
298.32 
297.81 
297.81 
297.77 
297.77 
297.77 
297.77 
297.60 
297.60 
297.60 
297.87 
297.84 
297.73 
297.74 
297.74 
297.63 
297.74 
297.96 
297.96 
297.96 
297.52 
297.52 
297.45 
297.47 
297.50 
297.84 
297.84 
297.84 
297.84 
297.84 
297.84 
297.53 
297.53 
297.53 
297.53 
297.88 
297.88 
297.88 
297.88 
297.88 
297.88 
297.88 
297.47 
297.73 
297.73 
297.73 
297.66 
297.72 
297.72 
297.72 
297.72 
297.77 
297.77 
297.77 
297.77 
297.77 
297.61 
297.61 
297.61 
297.61 
297.61 
297.67 
297.67 
297.67 
297.68 
297.68 
297.68 
297.62 
297.58 
297.58 
297.58 
297.58 
297.58 
297.58 
297.58 
297.49 
297.49 
297.49 
297.49 
297.32 
297.32 
297.32 
297.00 
297.00 
297.00 
297.00 
297.00 
297.00 
297.00 
297.00 
297.00 
297.15 
297.15 
297.15 
297.15 
297.15 
297.08 
297.08 
297.08 
297.41 
297.41 
297.41 
297.41 
297.41 
297.41 
297.09 
297.09 
297.09 
297.09 
297.09 
297.39 
297.25 
297.25 
297.25 
297.25 
297.25 
297.19 
297.19 
297.46 
297.46 
297.46 
297.46 
297.48 
297.48 
297.41 
297.41 
297.41 
297.41 
297.20 
297.20 
297.27 
297.50 
297.50 
297.23 
297.23 
297.23 
297.23 
297.23 
297.23 
297.23 
297.23 
297.23 
297.23 
297.23 
297.23 
297.24 
297.24 
297.24 
297.24 
297.27 
297.27 
297.27 
297.27 
297.27 
297.27 
297.83 
297.83 
297.77 
297.74 
297.74 
297.42 
297.42 
297.42 
297.42 
297.60 
297.60 
297.60 
297.60 
297.60 
297.51 
297.54 
297.54 
297.54 
297.54 
297.86 
297.86 
297.86 
297.86 
297.86 
297.86 
297.86 
297.73 
297.73 
297.86 
297.86 
297.80 
297.80 
297.80 
297.76 
297.76 
297.76 
297.76 
297.76 
297.79 
297.79 
297.79 
297.79 
297.79 
297.79 
297.79 
297.79 
297.79 
297.79 
297.80 
297.80 
297.80 
297.80 
297.80 
297.80 
297.80 
297.80 
297.80 
297.77 
297.77 
297.60 
297.60 
297.60 
297.60 
297.63 
297.63 
297.63 
297.63 
297.63 
297.63 
297.53 
297.53 
297.53 
297.53 
297.53 
297.61 
297.61 
297.56 
297.80 
297.57 
297.57 
297.57 
297.57 
297.57 
297.57 
297.57 
297.57 
297.57 
297.57 
297.57 
297.78 
297.78 
297.78 
297.78 
297.78 
297.77 
297.60 
297.60 
297.60 
297.60 
297.60 
297.60 
297.60 
297.40 
297.40 
297.40 
297.57 
297.57 
297.57 
297.57 
297.26 
297.28 
297.28 
297.28 
297.28 
297.41 
297.41 
297.60 
297.60 
297.60 
297.60 
297.60 
297.60 
297.60 
297.60 
297.60 
297.60 
297.60 
297.60 
297.60 
297.60 
297.60 
297.60 
297.31 
297.31 
297.31 
297.31 
297.31 
297.31 
297.31 
297.31 
297.54 
297.82 
297.83 
297.83 
297.65 
297.65 
297.72 
297.72 
297.62 
297.62 
297.62 
297.67 
297.87 
297.87 
297.87 
297.97 
297.97 
297.97 
297.94 
297.94 
297.94 
297.94 
297.76 
297.76 
297.72 
297.59 
297.73 
297.73 
297.73 
297.73 
297.73 
297.73 
297.73 
297.73 
297.73 
297.73 
297.73 
297.71 
297.71 
297.71 
297.71 
297.71 
297.71 
297.71 
297.71 
297.71 
297.75 
297.75 
297.75 
297.75 
297.75 
297.75 
297.97 
297.97 
297.97 
297.97 
297.97 
297.97 
297.97 
297.93 
297.93 
297.93 
297.93 
297.93 
297.93 
297.93 
297.93 
297.93 
297.91 
297.78 
297.78 
297.77 
297.77 
297.87 
297.87 
297.87 
297.88 
297.86 
297.70 
297.70 
297.70 
297.53 
297.53 
297.53 
297.53 
297.44 
297.44 
297.44 
297.44 
297.44 
297.44 
297.44 
297.24 
297.24 
297.58 
297.58 
297.58 
297.58 
297.56 
297.56 
297.56 
297.56 
297.56 
297.56 
297.25 
297.25 
297.25 
297.25 
297.25 
297.54 
297.54 
297.54 
297.54 
297.54 
297.54 
297.54 
297.54 
297.54 
297.54 
297.54 
297.48 
297.48 
297.48 
297.48 
297.48 
297.48 
297.62 
297.70 
297.51 
297.51 
297.51 
297.68 
297.50 
297.50 
297.37 
297.37 
297.37 
297.37 
297.65 
297.65 
297.65 
297.65 
297.65 
297.65 
297.65 
297.65 
297.65 
297.65 
297.65 
297.65 
297.65 
297.65 
297.65 
297.65 
297.65 
297.65 
297.65 
297.65 
297.65 
297.65 
297.65 
297.68 
297.68 
297.68 
297.68 
297.68 
297.68 
297.68 
297.48 
297.68 
297.68 
297.68 
297.68 
297.68 
297.69 
297.69 
297.69 
297.69 
297.69 
297.41 
297.41 
297.41 
297.85 
297.85 
297.85 
297.85 
297.86 
297.86 
297.86 
297.86 
297.86 
297.86 
297.86 
297.86 
297.86 
297.86 
297.86 
297.48 
297.48 
297.48 
297.48 
297.48 
297.48 
297.61 
297.61 
297.61 
297.36 
297.36 
297.36 
297.36 
297.36 
297.36 
297.36 
297.58 
297.58 
297.62 
297.62 
297.62 
297.62 
297.62 
297.62 
297.62 
297.62 
297.62 
297.57 
297.57 
297.55 
297.55 
297.55 
297.55 
297.55 
297.55 
297.55 
297.55 
297.69 
297.50 
297.50 
297.50 
297.50 
297.50 
297.50 
297.50 
297.50 
297.53 
297.53 
297.53 
297.53 
297.53 
297.57 
297.57 
297.57 
297.57 
297.57 
297.57 
297.52 
297.52 
297.52 
297.59 
297.59 
297.79 
297.79 
297.79 
297.95 
297.61 
297.61 
297.61 
297.57 
297.57 
297.57 
297.94 
297.94 
297.94 
297.94 
297.94 
297.94 
297.92 
297.93 
297.93 
297.93 
297.92 
297.92 
297.92 
297.92 
297.95 
298.04 
298.09 
298.09 
298.10 
298.10 
298.10 
298.10 
298.09 
298.10 
298.10 
298.10 
298.10 
298.10 
298.60 
298.60 
298.60 
298.53 
298.59 
298.59 
298.59 
298.59 
298.60 
298.82 
298.82 
298.81 
298.81 
298.84 
298.89 
298.89 
298.89 
298.89 
298.89 
298.89 
298.89 
298.89 
298.89 
298.89 
298.89 
298.83 
298.83 
298.80 
298.80 
298.80 
298.37 
298.37 
298.37 
298.37 
298.70 
298.57 
298.57 
298.57 
298.57 
298.62 
298.62 
298.62 
298.62 
298.59 
298.59 
298.59 
298.59 
298.59 
298.59 
298.59 
298.59 
298.59 
298.59 
298.61 
298.61 
298.61 
298.61 
298.61 
298.64 
298.64 
298.64 
298.64 
298.64 
298.64 
298.64 
298.64 
298.64 
298.64 
298.64 
298.64 
298.64 
298.64 
298.64 
298.64 
298.64 
298.64 
298.64 
298.59 
298.59 
298.59 
298.59 
298.59 
298.59 
298.56 
298.56 
297.93 
297.93 
298.44 
298.36 
298.39 
298.39 
298.39 
298.51 
298.51 
298.51 
298.51 
298.51 
298.51 
298.51 
298.51 
298.51 
298.51 
298.51 
298.51 
298.51 
298.51 
298.51 
298.51 
298.51 
298.73 
298.73 
298.73 
298.73 
298.73 
298.73 
298.68 
298.69 
298.69 
298.69 
298.51 
298.53 
298.53 
298.59 
298.59 
298.59 
298.59 
298.90 
298.90 
298.90 
298.86 
298.86 
298.86 
298.78 
298.78 
298.78 
298.78 
298.78 
298.78 
298.78 
298.50 
298.50 
298.21 
298.21 
298.21 
298.21 
298.21 
298.21 
298.21 
298.21 
298.21 
298.21 
298.22 
298.22 
298.22 
298.39 
298.39 
298.39 
298.39 
298.36 
298.54 
298.54 
298.54 
298.54 
298.54 
298.54 
298.54 
298.26 
298.26 
298.26 
298.26 
298.26 
298.26 
298.26 
298.26 
298.26 
298.26 
298.16 
298.16 
298.16 
298.47 
298.47 
298.47 
298.47 
298.43 
298.43 
298.43 
298.43 
298.43 
298.43 
298.43 
298.43 
298.43 
298.43 
298.12 
298.00 
298.00 
298.00 
298.00 
298.00 
298.00 
297.91 
297.91 
297.91 
297.91 
297.82 
297.82 
297.82 
297.49 
297.49 
297.49 
297.49 
297.49 
297.49 
297.49 
297.49 
297.42 
297.42 
297.72 
297.72 
297.72 
297.72 
297.72 
297.98 
297.94 
297.94 
297.94 
297.94 
297.94 
297.94 
298.15 
297.73 
297.73 
297.73 
297.73 
297.73 
297.73 
297.77 
297.77 
297.77 
297.77 
297.77 
297.77 
297.77 
297.77 
297.73 
297.72 
297.67 
297.67 
297.67 
297.67 
297.67 
297.67 
297.67 
297.67 
297.67 
297.67 
297.67 
297.67 
297.67 
297.67 
297.67 
297.67 
297.67 
297.67 
297.90 
297.90 
297.90 
297.90 
297.89 
298.00 
298.00 
297.83 
297.83 
297.83 
297.77 
297.77 
297.77 
297.81 
297.81 
297.81 
297.81 
298.14 
298.14 
297.86 
297.70 
297.70 
297.70 
297.70 
297.70 
297.70 
297.70 
297.70 
297.80 
297.80 
297.80 
297.80 
297.80 
297.83 
297.83 
297.83 
297.83 
297.81 
297.81 
297.81 
297.81 
297.81 
297.81 
297.81 
297.76 
297.76 
297.76 
297.76 
297.76 
297.76 
297.76 
297.76 
297.76 
297.76 
297.76 
297.76 
297.76 
297.76 
297.76 
297.76 
297.76 
297.76 
297.76 
297.82 
297.81 
297.81 
297.81 
297.81 
297.81 
297.81 
297.81 
297.81 
297.81 
297.81 
297.81 
298.00 
298.00 
298.00 
298.00 
298.00 
298.00 
298.00 
297.99 
297.99 
297.99 
298.00 
298.00 
298.00 
298.00 
298.00 
297.99 
298.00 
298.00 
298.00 
298.47 
298.49 
298.14 
298.14 
298.14 
298.50 
298.50 
298.50 
298.76 
298.68 
298.68 
298.68 
298.68 
298.76 
298.76 
298.89 
298.89 
298.89 
298.89 
298.89 
298.90 
298.90 
299.04 
299.06 
299.06 
299.06 
299.12 
299.12 
299.01 
299.12 
299.12 
299.21 
299.28 
299.20 
299.20 
299.29 
299.28 
299.29 
299.29 
299.29 
299.29 
299.25 
299.29 
299.23 
299.21 
299.33 
299.33 
299.33 
299.33 
300.00 
300.01 
300.01 
300.01 
300.01 
300.01 
300.01 
300.42 
299.67 
300.35 
300.35 
300.35 
300.35 
300.35 
299.84 
299.84 
299.84 
300.02 
300.02 
300.02 
300.02 
299.97 
299.97 
299.97 
299.97 
299.63 
299.63 
299.65 
299.65 
299.65 
299.65 
299.65 
299.65 
299.47 
299.47 
299.39 
299.39 
299.39 
299.39 
299.37 
299.20 
299.20 
299.20 
299.21 
299.20 
299.20 
299.10 
299.10 
299.10 
299.10 
299.10 
299.10 
299.10 
299.10 
299.10 
299.10 
299.36 
299.36 
299.34 
299.34 
299.34 
299.34 
299.34 
299.50 
299.50 
299.50 
299.50 
299.50 
299.55 
299.55 
299.49 
299.49 
299.47 
299.32 
299.29 
299.29 
299.29 
299.29 
299.09 
299.09 
299.09 
299.34 
299.34 
299.34 
299.34 
299.34 
299.34 
299.34 
299.34 
299.34 
299.31 
299.31 
299.31 
299.31 
299.31 
299.31 
299.17 
299.17 
299.27 
299.27 
299.27 
299.27 
299.27 
299.21 
299.21 
299.21 
299.22 
299.22 
299.22 
299.22 
299.22 
299.22 
299.22 
299.14 
299.14 
299.14 
299.14 
299.14 
299.14 
299.17 
299.29 
299.29 
299.29 
299.09 
299.29 
299.29 
299.26 
299.25 
299.25 
299.26 
299.30 
299.25 
299.25 
299.25 
299.25 
299.25 
299.31 
299.31 
299.31 
299.31 
299.31 
299.31 
299.31 
299.31 
299.31 
299.31 
299.32 
299.32 
299.32 
299.32 
299.30 
299.30 
299.32 
299.33 
299.33 
299.33 
299.33 
299.33 
299.33 
299.30 
299.30 
299.30 
299.33 
299.34 
299.30 
299.32 
299.32 
299.30 
299.30 
299.30 
299.34 
299.34 
299.30 
299.30 
299.34 
299.34 
299.30 
299.30 
299.35 
299.30 
299.30 
299.30 
299.30 
299.30 
299.30 
299.30 
299.35 
299.35 
299.35 
299.30 
299.30 
299.35 
299.35 
299.35 
299.35 
299.35 
299.35 
299.35 
299.35 
299.35 
299.35 
299.35 
299.35 
299.35 
299.35 
299.35 
299.35 
299.35 
299.35 
299.35 
299.33 
299.33 
299.33 
299.33 
299.33 
299.33 
299.33 
299.33 
299.33 
299.33 
299.40 
299.51 
299.35 
299.35 
299.35 
299.35 
299.34 
299.34 
299.34 
299.34 
299.35 
299.35 
299.35 
299.35 
299.34 
299.33 
299.33 
299.33 
299.34 
299.33 
299.34 
299.34 
299.30 
299.32 
299.31 
299.31 
299.31 
299.31 
299.31 
299.31 
299.31 
299.31 
299.30 
299.30 
299.31 
299.30 
299.30 
299.30 
299.30 
299.31 
299.31 
299.30 
299.31 
299.30 
299.31 
299.31 
299.31 
299.30 
299.32 
299.32 
299.30 
299.30 
299.30 
299.30 
299.31 
299.30 
299.30 
299.31 
299.31 
299.31 
299.31 
299.31 
299.31 
299.31 
299.31 
299.30 
299.30 
299.30 
299.30 
299.30 
299.30 
299.30 
299.30 
299.30 
299.30 
299.30 
299.30 
299.31 
299.31 
299.31 
299.30 
299.30 
299.30 
299.30 
299.30 
299.30 
299.30 
299.30 
299.30 
299.31 
299.31 
299.31 
299.31 
299.31 
299.31 
299.30 
299.30 
299.30 
299.30 
299.30 
299.30 
299.30 
299.30 
299.30 
299.31 
299.31 
299.31 
299.31 
299.31 
299.31 
299.31 
299.31 
299.31 
299.31 
299.31 
299.30 
299.30 
299.30 
299.30 
299.30 
299.30 
299.31 
299.30 
299.30 
299.30 
299.30 
299.31 
299.31 
299.31 
299.31 
299.31 
299.31 
299.31 
299.31 
299.31 
299.31 
299.31 
299.31 
299.30 
299.30 
299.31 
299.31 
299.31 
299.30 
299.30 
299.30 
299.30 
299.30 
299.30 
299.30 
299.31 
299.30 
299.30 
299.30 
299.30 
299.30 
299.31 
299.31 
299.31 
299.31 
299.30 
299.30 
299.30 
299.30 
299.30 
299.31 
299.31 
299.31 
299.31 
299.31 
299.31 
299.31 
299.31 
299.30 
299.30 
299.30 
299.31 
299.31 
299.31 
299.31 
299.30 
299.30 
299.31 
299.31 
299.31 
299.31 
299.31 
299.31 
299.31 
299.30 
299.30 
299.31 
299.31 
299.31 
299.31 
299.31 
299.31 
299.31 
299.31 
299.31 
299.31 
299.31 
299.31 
299.31 
299.31 
299.31 
299.31 
299.31 
299.31 
299.31 
299.30 
299.30 
299.30 
299.33 
299.31 
299.31 
299.31 
299.31 
299.31 
299.31 
299.31 
299.31 
299.31 
299.32 
299.32 
299.30 
299.30 
299.30 
299.31 
299.30 
299.30 
299.30 
299.30 
299.30 
299.30 
299.30 
299.30 
299.30 
299.30 
299.32 
299.32 
299.31 
299.31 
299.31 
299.31 
299.31 
299.31 
299.31 
299.31 
299.31 
299.33 
299.33 
299.33 
299.33 
299.33 
299.32 
299.32 
299.32 
299.32 
299.32 
299.33 
299.33 
299.33 
299.31 
299.31 
299.31 
299.31 
299.31 
299.31 
299.31 
299.31 
299.31 
299.31 
299.30 
299.30 
299.30 
299.30 
299.30 
299.30 
299.30 
299.30 
299.30 
299.31 
299.31 
299.31 
299.31 
299.31 
299.31 
299.30 
299.30 
299.30 
299.30 
299.30 
299.31 
299.31 
299.31 
299.30 
299.30 
299.30 
299.30 
299.30 
299.30 
299.30 
299.30 
299.30 
299.31 
299.31 
299.30 
299.30 
299.30 
299.30 
299.30 
299.31 
299.31 
299.31 
299.30 
299.30 
299.30 
299.30 
299.30 
299.30 
299.30 
299.31 
299.31 
299.30 
299.30 
299.31 
299.31 
299.32 
299.30 
299.30 
299.30 
299.30 
299.30 
299.30 
299.34 
299.34 
299.34 
299.30 
299.30 
299.30 
299.30 
299.30 
299.30 
299.30 
299.30 
299.30 
299.30 
299.30 
299.30 
299.30 
299.30 
299.30 
299.30 
299.30 
299.30 
299.30 
299.32 
299.30 
299.30 
299.30 
299.30 
299.30 
299.30 
299.30 
299.31 
299.31 
299.31 
299.31 
299.30 
299.30 
299.31 
299.30 
299.30 
299.30 
299.30 
299.31 
299.31 
299.30 
299.30 
299.30 
299.30 
299.30 
299.30 
299.30 
299.35 
299.35 
299.35 
299.35 
299.31 
299.31 
299.31 
299.31 
299.31 
299.31 
299.34 
299.34 
299.33 
299.33 
299.34 
299.33 
299.33 
299.33 
299.33 
299.33 
299.33 
299.33 
299.33 
299.33 
299.33 
299.33 
299.36 
299.36 
299.36 
299.36 
299.37 
299.38 
299.38 
299.38 
299.38 
299.38 
299.38 
299.39 
299.39 
299.39 
299.39 
299.39 
299.39 
299.39 
299.39 
299.39 
299.39 
299.39 
299.39 
299.39 
299.30 
299.30 
299.30 
299.30 
299.31 
299.31 
299.31 
299.30 
299.30 
299.47 
299.47 
299.47 
299.30 
299.30 
299.30 
299.30 
299.30 
299.30 
299.30 
299.30 
299.30 
299.30 
299.30 
299.30 
299.30 
299.31 
299.31 
299.30 
299.31 
299.31 
299.31 
299.30 
299.30 
299.30 
299.30 
299.30 
299.34 
299.34 
299.31 
299.32 
299.32 
299.37 
299.30 
299.30 
299.30 
299.30 
299.30 
299.30 
299.31 
299.31 
299.30 
299.30 
299.30 
299.31 
299.30 
299.30 
299.30 
299.30 
299.30 
299.30 
299.30 
299.30 
299.30 
299.30 
299.30 
299.45 
299.45 
299.45 
299.45 
299.45 
299.45 
299.45 
299.45 
299.40 
299.40 
299.40 
299.31 
299.31 
299.30 
299.30 
299.30 
299.31 
299.31 
299.31 
299.30 
299.30 
299.31 
299.30 
299.30 
299.31 
299.31 
299.30 
299.40 
299.40 
299.43 
299.43 
299.43 
299.43 
299.40 
299.40 
299.49 
299.51 
299.51 
299.60 
299.60 
299.60 
299.60 
299.60 
299.60 
299.60 
299.60 
299.63 
299.63 
299.63 
299.63 
299.63 
299.70 
299.92 
299.92 
299.92 
299.92 
299.92 
299.92 
299.92 
299.92 
299.92 
299.92 
299.99 
299.99 
299.99 
299.99 
299.99 
299.92 
299.92 
299.92 
299.92 
299.92 
299.87 
299.93 
299.93 
299.93 
299.95 
299.98 
299.98 
299.98 
299.98 
299.98 
300.00 
300.00 
300.24 
300.04 
300.04 
300.04 
300.04 
300.13 
300.13 
300.13 
300.13 
300.13 
300.13 
300.29 
300.29 
300.29 
300.29 
300.29 
300.43 
300.39 
300.39 
300.40 
300.40 
300.40 
300.40 
300.44 
300.44 
300.50 
300.50 
300.47 
300.47 
300.47 
300.50 
300.50 
300.50 
300.62 
300.62 
300.62 
300.65 
300.65 
300.65 
300.65 
300.65 
300.65 
300.64 
300.64 
300.61 
300.62 
300.62 
300.62 
300.62 
300.62 
300.62 
300.62 
300.62 
300.62 
300.62 
300.62 
300.62 
300.62 
300.62 
300.62 
300.60 
300.60 
300.60 
300.61 
300.61 
300.60 
300.60 
300.60 
300.60 
300.60 
300.60 
300.60 
300.56 
300.56 
300.56 
300.56 
300.56 
300.56 
300.56 
300.57 
300.57 
300.57 
300.57 
300.57 
300.57 
300.57 
300.57 
300.57 
300.57 
300.57 
300.56 
300.56 
300.56 
300.56 
300.56 
300.56 
300.56 
300.56 
300.56 
300.56 
300.56 
300.56 
300.56 
300.56 
300.56 
300.56 
300.56 
300.56 
300.56 
300.56 
300.56 
300.56 
300.56 
300.56 
300.26 
300.26 
300.26 
300.26 
300.26 
300.26 
300.26 
300.26 
300.26 
300.26 
300.26 
300.15 
300.15 
300.21 
300.21 
300.21 
300.07 
300.07 
300.07 
300.07 
300.07 
300.07 
300.07 
300.13 
300.13 
300.13 
300.14 
300.14 
300.14 
300.14 
300.14 
300.14 
300.14 
300.14 
300.14 
300.14 
300.14 
300.14 
300.14 
300.16 
300.16 
300.16 
300.16 
300.16 
300.16 
300.16 
300.22 
300.22 
300.22 
300.22 
300.22 
300.22 
300.64 
300.64 
300.64 
300.64 
300.64 
300.64 
300.29 
300.29 
300.29 
300.29 
300.29 
300.52 
300.52 
300.71 
300.71 
300.71 
300.71 
300.71 
300.71 
300.71 
300.71 
300.71 
300.71 
301.00 
301.00 
300.83 
300.83 
300.83 
300.66 
300.66 
301.37 
301.37 
300.65 
300.73 
300.73 
301.39 
301.39 
301.39 
301.39 
301.39 
301.02 
300.73 
300.73 
300.73 
300.73 
300.73 
300.73 
300.74 
300.87 
300.87 
300.87 
300.79 
301.25 
301.20 
301.20 
300.90 
301.20 
301.20 
301.20 
301.20 
301.30 
301.04 
301.04 
301.04 
301.30 
301.30 
301.31 
301.31 
301.26 
301.26 
301.26 
301.30 
301.30 
301.30 
301.30 
301.30 
301.37 
301.37 
301.39 
301.87 
301.87 
301.43 
301.43 
301.43 
301.43 
301.43 
301.47 
301.47 
301.47 
301.47 
301.47 
301.47 
301.47 
301.47 
301.51 
301.51 
301.51 
301.51 
301.51 
301.47 
301.47 
301.47 
301.90 
301.91 
301.91 
301.60 
301.60 
301.68 
301.99 
301.99 
301.99 
301.99 
301.99 
302.00 
302.00 
302.12 
302.09 
302.09 
302.07 
302.07 
302.02 
302.02 
302.02 
302.02 
302.02 
302.02 
302.99 
302.99 
302.11 
302.37 
302.37 
302.21 
302.21 
302.21 
302.21 
302.29 
302.34 
302.34 
302.33 
302.31 
302.31 
302.29 
302.29 
302.29 
302.24 
302.24 
302.23 
302.23 
302.21 
302.11 
302.11 
302.13 
302.13 
302.13 
302.15 
302.13 
302.13 
302.11 
302.11 
302.13 
302.13 
302.13 
302.13 
302.13 
302.13 
302.13 
302.13 
302.14 
302.14 
302.14 
302.19 
302.19 
302.25 
302.27 
302.27 
302.27 
302.27 
302.27 
302.27 
302.27 
302.37 
302.37 
302.40 
302.40 
302.70 
302.59 
302.59 
302.59 
302.59 
302.43 
302.80 
302.80 
302.80 
302.80 
302.80 
302.80 
302.80 
302.80 
302.80 
302.80 
302.80 
302.83 
302.83 
302.83 
302.83 
302.83 
302.83 
302.83 
302.90 
302.90 
302.90 
302.90 
302.90 
302.90 
302.90 
302.90 
302.90 
302.84 
302.84 
302.84 
302.84 
302.84 
302.80 
302.80 
302.80 
302.97 
302.97 
302.89 
302.89 
302.81 
302.81 
302.81 
302.81 
302.81 
302.81 
302.81 
302.81 
302.80 
302.80 
302.80 
303.38 
303.38 
302.81 
302.81 
302.80 
302.80 
302.80 
302.80 
302.80 
302.80 
302.80 
302.60 
302.60 
302.60 
302.37 
302.37 
302.37 
302.37 
302.37 
302.37 
302.37 
302.37 
302.37 
302.37 
302.38 
302.38 
302.33 
302.33 
302.33 
302.33 
302.33 
302.10 
302.10 
302.23 
302.18 
302.18 
302.18 
302.18 
302.10 
302.10 
302.10 
302.10 
302.10 
302.10 
302.01 
302.01 
302.01 
302.01 
302.01 
302.01 
302.01 
302.01 
301.90 
301.90 
301.90 
301.90 
301.76 
301.76 
301.76 
301.66 
301.66 
301.56 
301.56 
301.56 
301.56 
300.94 
300.94 
300.94 
301.22 
301.22 
301.02 
301.13 
301.13 
301.13 
301.13 
301.13 
301.13 
301.13 
300.71 
300.71 
301.13 
301.13 
301.13 
301.13 
301.13 
301.13 
301.13 
301.10 
301.01 
301.01 
301.01 
301.01 
301.01 
301.00 
301.00 
301.00 
301.00 
301.00 
301.00 
301.02 
301.02 
301.02 
301.03 
301.03 
301.13 
301.13 
301.14 
301.21 
301.25 
301.25 
301.34 
301.36 
301.36 
301.36 
301.39 
301.39 
301.39 
301.39 
301.39 
301.31 
301.31 
301.31 
301.31 
301.31 
301.31 
301.31 
301.31 
301.31 
301.20 
301.20 
301.40 
301.21 
301.21 
301.21 
301.21 
301.21 
301.21 
301.21 
301.21 
301.20 
301.21 
301.21 
301.21 
301.21 
301.21 
301.21 
301.20 
301.20 
301.04 
301.04 
301.04 
301.04 
301.04 
301.04 
301.04 
301.04 
301.04 
301.21 
301.27 
301.27 
301.27 
301.27 
301.30 
301.30 
301.30 
301.30 
301.30 
301.30 
301.30 
301.30 
301.29 
301.29 
301.30 
301.30 
301.30 
301.30 
301.30 
301.29 
301.29 
301.30 
301.43 
301.43 
301.43 
301.43 
301.42 
301.77 
301.77 
301.77 
301.61 
301.61 
301.61 
301.61 
301.61 
301.74 
301.68 
301.68 
301.78 
301.78 
301.78 
301.78 
301.78 
301.78 
301.95 
301.98 
301.98 
301.87 
301.97 
301.97 
301.97 
301.90 
301.90 
301.99 
302.00 
301.99 
301.99 
301.99 
301.99 
301.99 
301.99 
301.99 
301.99 
302.00 
302.00 
301.99 
301.99 
301.69 
301.69 
301.69 
301.69 
301.69 
302.00 
302.00 
302.00 
302.00 
302.04 
302.04 
302.04 
302.04 
301.66 
301.66 
301.66 
301.66 
301.66 
301.87 
301.87 
301.87 
301.87 
301.87 
301.87 
301.87 
301.87 
301.87 
301.87 
301.86 
301.66 
301.66 
301.66 
301.66 
301.66 
301.84 
301.80 
301.80 
301.80 
301.80 
301.97 
301.82 
301.82 
301.82 
301.82 
301.78 
301.78 
301.78 
301.78 
301.78 
301.78 
301.78 
301.78 
301.78 
301.78 
301.78 
301.70 
301.70 
301.70 
301.70 
301.70 
301.70 
301.70 
301.70 
301.70 
301.70 
301.70 
301.70 
301.70 
301.70 
301.70 
301.88 
301.88 
301.99 
301.99 
301.99 
301.99 
301.99 
301.99 
301.99 
301.99 
301.99 
302.10 
302.10 
302.10 
302.10 
302.13 
302.13 
302.13 
302.13 
302.10 
302.10 
302.10 
302.10 
302.10 
302.10 
302.10 
302.10 
302.10 
302.10 
302.10 
302.10 
302.10 
301.70 
301.70 
301.70 
301.70 
301.70 
301.70 
301.70 
301.70 
301.51 
301.51 
301.38 
301.38 
301.31 
301.31 
301.31 
301.31 
301.31 
301.31 
301.31 
301.31 
301.31 
301.31 
301.31 
301.31 
301.31 
301.31 
300.15 
300.15 
300.15 
300.80 
300.80 
301.00 
301.00 
301.00 
301.00 
301.00 
301.00 
301.01 
301.01 
301.01 
301.00 
301.00 
301.00 
301.00 
301.00 
301.00 
301.01 
301.01 
301.01 
301.01 
301.01 
301.01 
301.01 
301.01 
301.00 
301.02 
301.02 
301.07 
301.07 
301.00 
301.00 
301.00 
301.00 
301.00 
301.00 
301.00 
301.00 
301.00 
301.00 
301.00 
301.00 
300.66 
300.66 
300.66 
300.66 
300.66 
300.13 
300.13 
300.13 
300.13 
300.21 
300.21 
300.21 
300.21 
300.13 
300.13 
300.13 
300.13 
300.13 
300.10 
300.10 
300.10 
300.10 
300.10 
300.11 
300.10 
300.10 
300.11 
300.11 
300.11 
300.10 
300.10 
300.10 
300.10 
300.10 
300.10 
300.10 
300.10 
300.10 
300.10 
300.10 
300.10 
300.10 
300.10 
300.10 
300.10 
300.10 
300.10 
300.10 
300.11 
300.11 
300.11 
300.11 
300.10 
300.10 
300.10 
300.11 
300.01 
300.17 
300.17 
300.01 
300.01 
300.01 
300.01 
300.01 
300.01 
300.01 
300.01 
300.01 
300.02 
300.02 
300.16 
300.16 
300.16 
300.09 
300.09 
300.09 
300.12 
300.12 
300.12 
300.12 
300.12 
300.11 
300.11 
300.11 
300.11 
300.15 
300.15 
300.15 
300.15 
300.15 
300.15 
300.15 
300.15 
300.17 
300.17 
300.17 
300.16 
300.16 
300.16 
300.16 
300.16 
300.31 
300.31 
300.51 
300.51 
300.51 
300.59 
300.59 
300.59 
300.59 
300.38 
300.38 
300.38 
300.38 
300.38 
300.28 
300.28 
300.28 
300.28 
300.28 
300.42 
300.42 
300.42 
300.42 
300.42 
300.43 
300.66 
300.66 
300.66 
300.64 
300.66 
300.66 
300.66 
300.66 
300.66 
300.64 
300.64 
300.64 
300.64 
300.64 
300.64 
300.64 
300.65 
300.65 
300.65 
300.65 
300.65 
300.65 
300.65 
300.65 
300.65 
300.65 
300.55 
300.55 
300.65 
300.65 
300.65 
300.65 
300.65 
300.65 
300.65 
300.65 
300.65 
300.65 
300.65 
300.65 
300.65 
300.52 
300.52 
300.46 
300.46 
300.66 
300.45 
300.43 
300.43 
300.66 
300.65 
300.46 
300.46 
300.46 
300.66 
300.66 
300.66 
300.66 
300.66 
300.81 
300.81 
300.81 
300.78 
300.74 
300.74 
300.74 
300.74 
300.74 
300.74 
300.54 
300.63 
300.64 
300.88 
300.88 
300.88 
300.76 
300.84 
300.84 
300.88 
300.92 
300.92 
300.91 
300.82 
300.72 
300.72 
300.72 
300.72 
300.75 
300.71 
300.71 
300.71 
300.71 
300.71 
300.63 
300.63 
300.63 
300.63 
300.63 
300.63 
300.63 
300.63 
300.42 
300.42 
300.43 
300.43 
300.43 
300.60 
300.60 
300.60 
300.60 
300.60 
300.43 
300.43 
300.43 
300.43 
300.43 
300.43 
300.43 
300.43 
300.43 
300.43 
300.43 
300.43 
300.43 
300.43 
300.44 
300.44 
300.44 
300.44 
300.44 
300.44 
300.93 
300.46 
300.49 
300.50 
300.50 
300.50 
300.42 
300.29 
300.29 
300.29 
300.29 
300.29 
300.24 
300.24 
300.24 
300.24 
300.19 
300.19 
300.07 
300.15 
300.07 
300.01 
300.02 
300.05 
300.05 
300.00 
300.00 
300.00 
300.00 
300.00 
300.00 
300.00 
299.98 
299.98 
299.98 
299.98 
299.98 
299.98 
299.98 
299.94 
299.95 
299.99 
299.99 
299.99 
299.99 
299.99 
299.99 
299.99 
299.99 
299.99 
299.99 
300.00 
300.00 
300.00 
300.00 
300.00 
300.00 
300.00 
300.00 
300.00 
300.00 
300.00 
300.00 
300.00 
300.00 
300.00 
300.00 
300.00 
300.00 
300.00 
300.00 
300.00 
300.00 
300.00 
300.00 
300.00 
300.00 
300.00 
300.00 
300.00 
300.00 
300.00 
300.00 
300.00 
300.00 
300.00 
300.00 
300.00 
300.00 
300.00 
300.00 
299.99 
299.99 
300.00 
300.00 
300.00 
300.00 
300.00 
300.00 
300.00 
300.00 
300.00 
299.99 
299.99 
299.90 
299.90 
299.90 
299.90 
299.91 
299.91 
299.91 
299.91 
299.91 
299.80 
299.80 
299.80 
299.80 
300.00 
300.00 
299.95 
299.99 
299.99 
299.99 
299.99 
299.99 
299.99 
300.00 
300.00 
300.00 
300.00 
300.00 
300.00 
300.00 
300.00 
300.00 
300.00 
300.00 
300.00 
300.00 
300.00 
300.00 
300.00 
300.00 
300.00 
300.00 
299.99 
299.99 
299.99 
300.00 
300.00 
300.00 
300.00 
300.00 
300.00 
300.00 
299.80 
299.80 
299.80 
300.00 
300.00 
300.00 
300.00 
300.00 
300.00 
300.00 
300.00 
300.00 
300.00 
300.00 
300.00 
300.00 
300.00 
300.00 
300.00 
300.00 
300.00 
300.00 
300.00 
300.00 
300.00 
300.00 
300.00 
300.00 
300.00 
300.00 
300.00 
300.00 
300.00 
300.00 
299.98 
299.98 
299.98 
299.99 
299.99 
299.99 
299.99 
299.99 
299.99 
299.80 
299.80 
299.80 
299.80 
299.88 
299.88 
299.88 
299.88 
299.88 
299.88 
299.89 
299.89 
299.84 
299.84 
299.80 
299.82 
299.85 
299.81 
299.85 
299.84 
299.84 
299.85 
299.85 
300.04 
300.02 
300.02 
300.02 
300.02 
300.02 
300.02 
300.02 
299.99 
299.99 
299.99 
299.99 
299.99 
299.99 
299.85 
299.85 
299.85 
299.85 
299.85 
299.85 
299.85 
299.85 
299.87 
299.87 
299.88 
299.88 
299.88 
299.99 
299.99 
299.99 
299.93 
299.94 
299.97 
299.97 
299.97 
299.97 
299.98 
299.98 
299.98 
299.98 
299.98 
299.88 
299.86 
299.86 
299.86 
299.86 
299.85 
299.99 
299.85 
299.85 
299.85 
299.85 
299.85 
299.85 
299.85 
299.85 
299.85 
299.85 
299.85 
299.85 
299.99 
299.99 
299.99 
299.99 
299.99 
299.99 
299.99 
299.95 
299.95 
299.95 
299.95 
299.95 
299.95 
300.00 
300.00 
300.00 
299.99 
299.99 
299.99 
300.01 
300.01 
300.01 
300.01 
300.01 
300.01 
300.01 
300.02 
300.02 
300.02 
300.02 
300.02 
300.02 
300.02 
300.03 
300.25 
300.23 
300.23 
300.10 
300.10 
300.10 
300.26 
300.26 
300.26 
300.26 
300.23 
299.95 
299.95 
299.95 
300.13 
300.04 
300.25 
300.10 
300.26 
300.25 
300.25 
300.26 
300.26 
300.26 
300.26 
300.26 
300.26 
300.26 
300.19 
300.25 
300.25 
300.26 
300.26 
300.26 
300.25 
300.25 
300.25 
300.25 
300.25 
300.24 
300.25 
300.24 
300.21 
300.21 
300.21 
300.21 
300.21 
300.19 
300.19 
300.19 
300.19 
300.19 
300.19 
300.23 
300.26 
300.26 
300.26 
300.26 
300.26 
300.26 
300.26 
300.28 
300.38 
300.38 
300.15 
300.34 
300.39 
300.39 
300.39 
300.39 
300.39 
300.39 
300.39 
300.39 
300.38 
300.38 
300.38 
300.38 
300.38 
300.38 
300.38 
300.38 
300.38 
300.38 
300.38 
300.38 
300.38 
300.46 
300.46 
300.46 
300.46 
300.46 
300.46 
300.46 
300.46 
300.46 
300.46 
300.46 
300.46 
300.46 
300.46 
300.46 
300.46 
300.45 
300.45 
300.45 
300.48 
300.50 
300.50 
300.50 
300.50 
300.50 
300.50 
300.50 
300.99 
300.99 
300.98 
300.98 
300.99 
300.99 
300.89 
300.98 
300.98 
300.98 
300.98 
300.98 
300.98 
300.98 
300.98 
301.01 
301.00 
301.00 
300.94 
300.94 
300.94 
300.94 
300.94 
300.94 
300.96 
300.96 
301.00 
300.74 
300.74 
301.21 
301.21 
301.22 
301.22 
301.30 
301.25 
301.29 
301.31 
301.31 
301.14 
301.14 
301.14 
301.14 
301.26 
301.26 
301.26 
301.31 
301.10 
301.00 
300.97 
300.81 
300.85 
301.06 
301.06 
301.08 
301.08 
301.08 
301.09 
301.09 
301.19 
301.19 
301.19 
301.19 
301.19 
301.01 
301.01 
301.01 
300.84 
300.84 
300.84 
300.84 
300.84 
300.84 
300.84 
300.84 
300.84 
300.84 
300.84 
300.84 
301.05 
300.77 
300.98 
300.91 
300.91 
300.69 
300.69 
300.69 
300.69 
300.69 
300.69 
300.69 
300.69 
300.82 
300.82 
300.82 
300.82 
300.82 
300.82 
300.82 
300.82 
300.82 
300.95 
300.81 
300.81 
300.81 
300.80 
300.80 
300.80 
300.80 
300.80 
300.80 
300.80 
300.80 
300.80 
300.80 
301.05 
301.05 
301.05 
301.05 
300.54 
301.00 
300.93 
300.93 
301.25 
301.23 
301.21 
301.58 
301.59 
301.59 
301.47 
301.61 
301.61 
301.60 
301.61 
301.67 
301.41 
301.41 
301.41 
301.66 
301.58 
301.58 
301.43 
301.40 
301.13 
301.13 
301.13 
301.13 
301.17 
301.17 
301.17 
301.26 
301.26 
301.81 
301.81 
301.61 
301.61 
301.61 
301.61 
301.23 
301.23 
301.23 
301.23 
301.23 
301.23 
301.23 
301.23 
301.01 
301.01 
301.01 
301.01 
301.01 
300.56 
300.56 
300.56 
301.13 
301.13 
301.13 
301.13 
301.13 
300.83 
300.83 
300.83 
300.83 
300.83 
300.83 
300.83 
300.83 
300.83 
300.83 
300.83 
300.83 
300.83 
300.83 
300.83 
300.83 
300.83 
300.83 
300.85 
301.10 
301.10 
300.83 
300.83 
300.83 
300.83 
300.83 
300.83 
300.83 
301.21 
301.19 
301.22 
301.22 
301.22 
301.33 
301.14 
301.13 
301.13 
301.21 
301.18 
301.18 
301.18 
301.18 
301.18 
300.98 
300.98 
301.01 
301.02 
301.02 
301.05 
301.05 
301.05 
301.05 
301.05 
301.25 
301.25 
301.25 
301.25 
301.25 
301.25 
301.25 
301.06 
301.19 
301.19 
301.19 
301.13 
301.13 
301.16 
301.16 
301.16 
301.16 
301.16 
301.03 
301.22 
301.22 
301.22 
301.22 
301.22 
301.22 
301.22 
301.22 
301.34 
301.42 
301.42 
301.81 
301.96 
301.97 
301.97 
301.97 
301.97 
302.10 
302.10 
302.12 
302.14 
302.15 
302.11 
302.11 
302.11 
302.14 
302.13 
302.14 
302.14 
302.14 
302.14 
302.14 
302.14 
302.14 
302.14 
302.11 
302.15 
302.15 
302.15 
302.15 
302.15 
302.12 
302.12 
302.11 
302.11 
302.11 
302.11 
302.11 
302.11 
302.12 
302.12 
302.12 
302.12 
302.16 
302.16 
302.16 
302.16 
302.16 
302.16 
302.16 
302.16 
302.16 
302.11 
302.11 
302.11 
302.11 
302.11 
302.11 
302.11 
302.11 
302.12 
302.12 
302.00 
302.00 
302.00 
302.00 
302.00 
302.00 
302.00 
302.00 
302.00 
302.00 
302.00 
302.00 
302.00 
302.00 
302.00 
302.00 
301.56 
301.56 
301.56 
301.56 
301.48 
301.46 
301.66 
301.66 
301.44 
301.44 
301.35 
301.35 
301.35 
301.35 
301.35 
301.27 
301.27 
301.27 
301.27 
301.27 
301.27 
301.33 
301.33 
301.32 
301.32 
301.21 
301.21 
301.30 
301.30 
301.30 
301.30 
301.31 
301.31 
301.32 
301.32 
301.26 
301.26 
301.26 
301.26 
301.26 
301.32 
301.32 
301.32 
301.32 
301.40 
301.40 
301.40 
301.40 
301.40 
301.39 
301.39 
301.40 
301.40 
301.40 
301.50 
301.50 
301.49 
301.50 
301.50 
301.50 
301.50 
301.50 
301.50 
301.50 
301.50 
301.50 
301.74 
301.78 
301.78 
301.78 
301.78 
301.80 
301.80 
301.80 
301.80 
301.78 
301.78 
301.78 
301.77 
301.77 
301.71 
301.77 
301.77 
301.71 
301.71 
301.71 
301.71 
301.71 
301.71 
301.70 
301.58 
301.67 
301.78 
301.78 
301.78 
301.78 
301.78 
301.78 
301.77 
301.76 
301.76 
301.76 
301.76 
301.43 
301.43 
301.43 
301.31 
301.31 
301.31 
301.31 
301.31 
301.31 
301.64 
301.64 
301.64 
301.36 
301.71 
301.71 
301.71 
301.71 
301.77 
301.77 
301.77 
301.77 
301.76 
301.76 
301.41 
301.41 
301.42 
301.41 
300.88 
300.88 
300.88 
300.88 
300.96 
300.93 
300.93 
300.94 
300.94 
300.97 
300.97 
300.97 
300.97 
300.92 
300.92 
300.92 
300.92 
300.94 
300.88 
301.27 
301.27 
301.27 
301.27 
301.40 
301.40 
301.39 
301.39 
301.19 
301.19 
301.19 
301.19 
301.19 
301.22 
301.22 
301.13 
301.13 
301.19 
301.21 
301.29 
301.34 
301.34 
301.39 
301.39 
301.39 
301.39 
301.39 
301.39 
301.30 
301.30 
301.40 
301.37 
301.37 
301.27 
301.27 
301.27 
301.27 
301.27 
301.10 
301.09 
301.09 
301.01 
300.93 
300.93 
300.93 
300.93 
300.92 
300.90 
300.99 
300.89 
300.89 
300.89 
300.89 
300.88 
300.88 
300.88 
300.88 
300.88 
300.89 
301.27 
301.25 
301.25 
301.25 
301.25 
301.25 
301.18 
301.22 
301.22 
301.20 
301.20 
301.22 
301.22 
301.22 
301.25 
301.39 
301.39 
301.40 
301.40 
301.40 
301.44 
301.78 
301.90 
301.87 
301.80 
301.91 
301.91 
301.89 
301.89 
301.89 
301.89 
301.89 
301.89 
301.89 
301.87 
301.87 
301.87 
301.88 
301.85 
301.86 
301.86 
301.86 
301.86 
301.85 
301.87 
301.87 
301.87 
301.86 
301.86 
301.86 
301.86 
301.85 
301.85 
301.85 
301.85 
301.85 
301.86 
301.86 
301.86 
301.86 
301.86 
301.86 
301.85 
301.85 
301.85 
301.85 
301.85 
301.85 
301.92 
301.92 
301.92 
301.92 
301.93 
301.90 
301.80 
301.80 
301.80 
301.80 
301.80 
301.80 
301.80 
301.80 
301.80 
301.80 
301.83 
301.85 
301.85 
301.80 
301.80 
301.80 
301.75 
301.75 
301.75 
301.73 
301.73 
301.68 
301.68 
301.68 
301.68 
301.68 
301.68 
301.68 
301.68 
301.68 
301.68 
301.68 
301.68 
301.64 
301.64 
301.62 
301.62 
301.62 
301.62 
301.62 
301.62 
301.62 
301.63 
301.63 
301.63 
301.63 
301.63 
301.63 
301.63 
301.63 
301.61 
301.61 
301.61 
301.61 
301.61 
301.51 
301.51 
301.51 
301.51 
301.51 
301.51 
301.51 
301.47 
301.46 
301.46 
301.46 
301.46 
301.46 
301.46 
301.46 
301.45 
301.45 
301.45 
301.45 
301.45 
301.50 
301.50 
301.45 
301.45 
301.45 
301.45 
301.45 
301.45 
301.44 
301.43 
301.23 
301.23 
301.23 
301.23 
301.23 
301.23 
301.23 
301.23 
301.23 
301.02 
301.02 
301.02 
300.73 
300.73 
300.73 
300.73 
300.73 
300.73 
300.72 
300.72 
300.72 
300.71 
300.71 
300.71 
300.71 
300.71 
300.71 
300.71 
300.71 
300.71 
300.71 
300.68 
300.68 
300.68 
300.68 
300.68 
300.68 
300.70 
300.70 
300.70 
300.70 
300.70 
300.72 
300.72 
300.72 
300.72 
300.68 
300.70 
300.69 
300.70 
300.66 
300.63 
300.63 
300.63 
300.63 
300.61 
300.70 
300.70 
300.70 
300.70 
300.72 
300.71 
300.71 
300.71 
300.71 
300.72 
300.71 
300.71 
300.71 
300.71 
300.71 
300.71 
300.71 
300.71 
300.71 
300.71 
300.71 
300.71 
300.60 
300.70 
300.71 
300.71 
300.62 
300.62 
300.62 
300.62 
300.62 
300.62 
300.62 
300.62 
300.62 
300.62 
300.62 
300.79 
300.79 
300.79 
300.84 
300.84 
300.84 
300.84 
300.84 
300.84 
301.16 
301.16 
301.16 
301.23 
301.23 
301.23 
301.23 
301.23 
301.23 
301.23 
301.23 
301.23 
301.23 
301.23 
301.22 
301.22 
301.22 
301.22 
301.22 
301.22 
301.22 
301.22 
300.99 
300.91 
300.91 
300.55 
300.55 
300.95 
300.95 
300.95 
300.82 
300.74 
300.74 
300.74 
300.74 
300.68 
300.68 
300.68 
300.67 
300.67 
300.67 
300.55 
300.55 
300.55 
300.55 
300.58 
300.58 
300.61 
300.61 
300.61 
300.56 
300.59 
300.40 
300.37 
300.37 
300.37 
300.37 
300.37 
300.32 
300.40 
300.35 
300.35 
300.58 
300.46 
300.46 
300.46 
300.46 
300.49 
300.48 
300.48 
300.48 
300.48 
300.48 
300.74 
300.53 
300.53 
300.53 
300.53 
300.53 
300.53 
300.53 
300.72 
300.72 
300.72 
300.72 
300.72 
300.72 
300.72 
300.40 
300.40 
300.40 
300.38 
300.20 
299.95 
299.95 
299.95 
299.95 
299.95 
300.04 
299.95 
299.91 
299.91 
299.91 
299.91 
299.90 
299.90 
299.90 
299.90 
299.90 
299.90 
299.90 
299.90 
299.90 
299.90 
299.90 
299.90 
299.90 
299.90 
299.90 
299.90 
299.90 
299.90 
299.90 
299.90 
299.90 
299.91 
299.90 
299.90 
299.90 
299.90 
299.90 
299.90 
299.91 
299.90 
299.90 
299.90 
299.91 
299.90 
299.90 
299.90 
299.90 
299.90 
299.90 
299.90 
299.90 
299.90 
299.90 
299.90 
299.90 
299.90 
299.90 
299.90 
299.90 
299.90 
299.90 
299.90 
299.90 
299.90 
299.90 
299.91 
299.91 
299.91 
299.91 
299.90 
299.90 
299.91 
299.90 
299.99 
299.91 
300.02 
299.93 
299.90 
299.90 
299.90 
299.90 
299.90 
299.90 
299.90 
299.90 
299.90 
299.94 
299.92 
299.92 
299.91 
299.91 
299.96 
300.09 
300.08 
300.10 
300.10 
300.01 
300.01 
300.01 
300.03 
300.03 
300.03 
300.03 
300.23 
299.96 
300.09 
299.94 
299.95 
299.95 
299.95 
299.92 
299.92 
299.92 
299.92 
299.92 
299.92 
299.92 
299.92 
300.17 
300.17 
300.17 
299.96 
300.30 
300.30 
300.30 
300.30 
300.30 
300.20 
300.20 
300.20 
300.25 
300.20 
300.20 
300.20 
300.20 
300.30 
300.30 
300.30 
300.30 
300.30 
300.30 
300.30 
300.30 
300.22 
300.15 
300.15 
300.15 
300.15 
300.15 
299.90 
300.16 
300.24 
300.01 
300.01 
300.01 
300.01 
300.14 
300.13 
300.13 
300.13 
300.13 
300.13 
300.08 
300.08 
300.19 
300.19 
300.19 
300.29 
300.60 
300.60 
300.60 
300.60 
300.60 
300.60 
299.90 
299.90 
299.90 
300.29 
300.29 
300.22 
300.29 
300.21 
300.21 
300.22 
300.22 
300.27 
300.27 
300.27 
300.26 
300.26 
300.26 
300.21 
300.21 
300.21 
300.20 
300.21 
300.21 
300.21 
300.00 
300.21 
300.30 
300.30 
300.31 
300.30 
300.31 
300.31 
300.31 
300.22 
300.22 
300.22 
300.10 
300.10 
300.01 
300.01 
300.01 
300.00 
299.92 
299.90 
299.93 
299.93 
300.00 
300.00 
300.20 
300.20 
300.05 
300.05 
300.63 
300.63 
300.32 
300.71 
300.55 
300.47 
300.84 
300.60 
300.67 
300.72 
300.90 
300.74 
300.74 
300.77 
300.89 
300.80 
300.70 
300.60 
300.74 
300.67 
300.67 
300.49 
300.61 
300.61 
300.61 
300.61 
300.63 
300.63 
300.48 
300.64 
300.50 
300.48 
300.37 
300.37 
300.37 
300.50 
300.50 
300.50 
300.51 
300.50 
300.50 
300.26 
300.22 
300.14 
300.14 
300.02 
300.02 
299.97 
299.97 
300.37 
300.37 
300.37 
300.37 
300.37 
300.36 
300.40 
300.40 
300.60 
300.60 
300.61 
300.61 
300.61 
300.61 
300.79 
300.80 
300.80 
300.80 
300.70 
300.70 
300.70 
300.70 
300.70 
300.70 
300.71 
300.70 
300.70 
300.70 
300.70 
300.70 
300.70 
300.70 
300.70 
300.41 
300.34 
300.34 
300.34 
300.34 
300.34 
300.34 
300.34 
300.34 
300.34 
300.50 
300.50 
300.50 
300.50 
300.50 
300.56 
300.54 
300.54 
300.55 
300.55 
300.68 
300.68 
300.72 
300.66 
300.66 
300.66 
300.66 
300.63 
300.72 
300.72 
300.56 
300.56 
300.56 
300.72 
300.72 
300.41 
300.41 
300.41 
300.64 
300.64 
300.64 
300.42 
300.42 
300.43 
300.43 
300.43 
300.40 
300.42 
300.46 
300.58 
300.81 
300.81 
300.77 
300.74 
300.74 
300.74 
300.74 
300.87 
300.71 
300.71 
300.71 
300.74 
300.74 
300.74 
300.74 
300.74 
300.85 
300.85 
300.78 
300.93 
300.93 
300.93 
300.93 
300.89 
301.00 
301.00 
301.00 
301.00 
301.00 
301.00 
301.00 
301.00 
300.99 
300.99 
300.99 
301.00 
301.00 
301.00 
301.00 
301.00 
300.98 
300.98 
300.98 
300.98 
300.98 
300.98 
300.97 
300.97 
300.97 
300.98 
300.98 
300.97 
300.97 
300.96 
300.97 
300.97 
300.96 
300.96 
300.97 
300.97 
300.97 
300.97 
300.75 
300.99 
300.99 
300.94 
301.05 
301.07 
301.07 
301.07 
301.06 
301.06 
301.06 
301.06 
301.06 
301.06 
301.06 
301.06 
301.05 
301.05 
301.03 
301.03 
301.06 
301.06 
301.08 
301.06 
301.06 
301.06 
301.06 
300.99 
300.99 
300.98 
300.50 
300.90 
300.62 
300.96 
300.96 
300.96 
300.96 
300.96 
300.96 
300.96 
301.00 
301.00 
301.00 
301.00 
301.00 
301.00 
301.00 
301.00 
301.00 
301.03 
301.08 
301.08 
301.08 
301.07 
301.08 
301.19 
301.19 
301.26 
301.14 
301.14 
301.25 
301.25 
301.29 
301.32 
301.31 
301.18 
301.18 
301.22 
301.15 
301.15 
301.26 
301.28 
301.28 
301.18 
301.24 
301.14 
301.13 
301.13 
301.13 
301.13 
301.14 
301.14 
301.17 
301.17 
301.17 
301.19 
301.19 
301.18 
301.18 
301.18 
301.18 
301.18 
301.15 
301.15 
301.15 
301.15 
301.15 
301.14 
301.14 
301.14 
301.14 
301.14 
301.14 
301.14 
301.14 
301.14 
301.14 
301.14 
301.14 
301.14 
301.14 
301.18 
301.18 
301.20 
301.20 
301.30 
301.25 
301.25 
301.30 
301.30 
301.31 
301.31 
301.30 
301.14 
301.14 
301.14 
300.95 
300.95 
300.95 
300.93 
300.98 
300.98 
300.98 
300.98 
300.98 
300.98 
301.02 
301.02 
300.91 
300.91 
300.76 
300.76 
300.75 
300.75 
300.75 
300.41 
300.28 
300.28 
300.04 
300.10 
300.10 
300.10 
300.10 
300.10 
300.10 
300.09 
300.53 
300.50 
300.50 
300.50 
300.22 
300.22 
300.39 
300.39 
300.39 
300.40 
300.13 
300.03 
300.01 
300.01 
300.23 
300.18 
300.18 
300.18 
300.18 
300.18 
300.18 
300.17 
300.19 
300.19 
300.19 
300.10 
300.20 
300.20 
300.20 
300.20 
300.20 
300.20 
300.21 
300.21 
300.21 
300.24 
300.24 
300.24 
300.25 
300.25 
300.30 
300.30 
300.30 
300.30 
300.30 
300.40 
300.40 
300.40 
300.25 
300.20 
300.21 
300.28 
300.28 
300.27 
300.27 
300.27 
300.20 
300.02 
300.02 
300.21 
300.21 
300.21 
300.21 
300.21 
300.21 
300.21 
300.08 
300.08 
300.11 
300.11 
300.18 
300.18 
300.13 
300.13 
300.13 
300.13 
300.20 
300.19 
300.20 
300.20 
300.20 
300.20 
300.20 
300.20 
300.19 
300.20 
